inst/extdata/annuale_tv1a_esri.grd
ncols       101
nrows       101
xllcorner      7.356090000E+05
yllcorner      5.071016000E+06
cellsize      5.000000000E+01
nodata_value         -9
[rows 0 to 24 of 101, columns 0 to 56 of 101]
1.2578E-03 1.4519E-03 1.6125E-03 1.7455E-03 1.8697E-03 2.0081E-03 2.1453E-03 2.2545E-03 2.3228E-03 2.3418E-03 2.3520E-03 2.3769E-03 2.4228E-03 2.4920E-03 2.5380E-03 2.5565E-03 2.5527E-03 2.5470E-03 2.7415E-03 2.7679E-03 2.8065E-03 2.8440E-03 2.8653E-03 3.1647E-03 3.1263E-03 3.0955E-03 3.0853E-03 3.0746E-03 3.3090E-03 3.3427E-03 3.4190E-03 3.5023E-03 3.5717E-03 3.8076E-03 3.8925E-03 3.9625E-03 3.9414E-03 3.7911E-03 4.3252E-03 3.9826E-03 3.7694E-03 3.6349E-03 3.5497E-03 3.8631E-03 3.8634E-03 3.9154E-03 4.0387E-03 4.2479E-03 4.5886E-03 4.6879E-03 4.6489E-03 4.5383E-03 4.4252E-03 4.7026E-03 4.6889E-03 4.6540E-03 4.5966E-03
1.4622E-03 1.7013E-03 1.8968E-03 2.0568E-03 2.2026E-03 2.3679E-03 2.5365E-03 2.6790E-03 2.7777E-03 2.8159E-03 2.8363E-03 2.8651E-03 2.9134E-03 2.9925E-03 3.0432E-03 3.0561E-03 3.0377E-03 3.0145E-03 3.2667E-03 3.2864E-03 3.3279E-03 3.3776E-03 3.4096E-03 3.8393E-03 3.7877E-03 3.7280E-03 3.6915E-03 3.6624E-03 3.9726E-03 4.0220E-03 4.1387E-03 4.2624E-03 4.3445E-03 4.6394E-03 4.7264E-03 4.8129E-03 4.7924E-03 4.6083E-03 5.3556E-03 4.9324E-03 4.6367E-03 4.4255E-03 4.2725E-03 4.6548E-03 4.6270E-03 4.6709E-03 4.8092E-03 5.0974E-03 5.5818E-03 5.7447E-03 5.6995E-03 5.5498E-03 5.3979E-03 5.7986E-03 5.8391E-03 5.8143E-03 5.7085E-03
1.6495E-03 1.9252E-03 2.1498E-03 2.3315E-03 2.4886E-03 2.6638E-03 2.8469E-03 3.0156E-03 3.1516E-03 3.2258E-03 3.2747E-03 3.3191E-03 3.3652E-03 3.4386E-03 3.4892E-03 3.5113E-03 3.4985E-03 3.4689E-03 3.7735E-03 3.7851E-03 3.8240E-03 3.8850E-03 3.9331E-03 4.4861E-03 4.4409E-03 4.3602E-03 4.2939E-03 4.2456E-03 4.6188E-03 4.6811E-03 4.8260E-03 4.9803E-03 5.0731E-03 5.4124E-03 5.4958E-03 5.5941E-03 5.5964E-03 5.4268E-03 6.4201E-03 6.0168E-03 5.6955E-03 5.4116E-03 5.1213E-03 5.4913E-03 5.3993E-03 5.4109E-03 5.5293E-03 5.8440E-03 6.4171E-03 6.6333E-03 6.5883E-03 6.4068E-03 6.2239E-03 6.7030E-03 6.8199E-03 6.8408E-03 6.6902E-03
2.0148E-03 2.3813E-03 2.6667E-03 2.5554E-03 2.7168E-03 2.8862E-03 3.0630E-03 3.2401E-03 3.3835E-03 3.4944E-03 3.5788E-03 3.6503E-03 3.7032E-03 3.7819E-03 3.8263E-03 3.8631E-03 3.8695E-03 3.8493E-03 4.0040E-03 4.0171E-03 4.0468E-03 4.0930E-03 4.1340E-03 4.4266E-03 4.4162E-03 4.3720E-03 4.3153E-03 4.2692E-03 4.5116E-03 4.5687E-03 4.6667E-03 4.7583E-03 4.8084E-03 5.5146E-03 5.5834E-03 5.6584E-03 5.6585E-03 5.5297E-03 5.9370E-03 5.6618E-03 5.4287E-03 5.2071E-03 4.9673E-03 5.5560E-03 5.3650E-03 5.2825E-03 5.2695E-03 5.3665E-03 6.5027E-03 6.7037E-03 6.6795E-03 6.4993E-03 6.3092E-03 6.6477E-03 6.7819E-03 6.8598E-03 6.7538E-03
2.1808E-03 2.5850E-03 2.9039E-03 2.7802E-03 2.9420E-03 3.0959E-03 3.2563E-03 3.4307E-03 3.5925E-03 3.7350E-03 3.8535E-03 3.9537E-03 4.0204E-03 4.0983E-03 4.1354E-03 4.1786E-03 4.2043E-03 4.2085E-03 4.4049E-03 4.4390E-03 4.4748E-03 4.5125E-03 4.5456E-03 4.8615E-03 4.8613E-03 4.8298E-03 4.7774E-03 4.7272E-03 4.9882E-03 5.0453E-03 5.1406E-03 5.2189E-03 5.2582E-03 6.0243E-03 6.1346E-03 6.2560E-03 6.2807E-03 6.1538E-03 6.6507E-03 6.3960E-03 6.1776E-03 5.9589E-03 5.6933E-03 6.3880E-03 6.0804E-03 5.9295E-03 5.8572E-03 5.8985E-03 7.0673E-03 7.3206E-03 7.3591E-03 7.1710E-03 6.9210E-03 7.2429E-03 7.4082E-03 7.5315E-03 7.4310E-03
2.3404E-03 2.7827E-03 3.1348E-03 3.0011E-03 3.1631E-03 3.2969E-03 3.4349E-03 3.5976E-03 3.7653E-03 3.9242E-03 4.0604E-03 4.1778E-03 4.2636E-03 4.3587E-03 4.4027E-03 4.4499E-03 4.4875E-03 4.5156E-03 4.7586E-03 4.8200E-03 4.8676E-03 4.8967E-03 4.9142E-03 5.2411E-03 5.2510E-03 5.2362E-03 5.1954E-03 5.1435E-03 5.4148E-03 5.4629E-03 5.5496E-03 5.6189E-03 5.6552E-03 6.4626E-03 6.6159E-03 6.7925E-03 6.8477E-03 6.7151E-03 7.2581E-03 7.0009E-03 6.8119E-03 6.6426E-03 6.3915E-03 7.2049E-03 6.8019E-03 6.5785E-03 6.4433E-03 6.4255E-03 7.5919E-03 7.9001E-03 8.0093E-03 7.8342E-03 7.5475E-03 7.8708E-03 8.0434E-03 8.1637E-03 8.0567E-03
2.4776E-03 2.9585E-03 3.3480E-03 3.2086E-03 3.3784E-03 3.4970E-03 3.6132E-03 3.7589E-03 3.9219E-03 4.0844E-03 4.2235E-03 4.3443E-03 4.4436E-03 4.5671E-03 4.6404E-03 4.7048E-03 4.7512E-03 4.7852E-03 5.0534E-03 5.1325E-03 5.2050E-03 5.2497E-03 5.2623E-03 5.6009E-03 5.6229E-03 5.6357E-03 5.6221E-03 5.5778E-03 5.8700E-03 5.8964E-03 5.9636E-03 6.0223E-03 6.0591E-03 6.8944E-03 7.0791E-03 7.3081E-03 7.4076E-03 7.2775E-03 7.8401E-03 7.5655E-03 7.4229E-03 7.3285E-03 7.1295E-03 8.1110E-03 7.6401E-03 7.3477E-03 7.1580E-03 7.0843E-03 8.2466E-03 8.5994E-03 8.7667E-03 8.5988E-03 8.3006E-03 8.6606E-03 8.8255E-03 8.9235E-03 8.7906E-03
2.5687E-03 3.0805E-03 3.5143E-03 3.3933E-03 3.5911E-03 3.7147E-03 3.8190E-03 3.9490E-03 4.1022E-03 4.2578E-03 4.3880E-03 4.4974E-03 4.5966E-03 4.7440E-03 4.8562E-03 4.9546E-03 5.0172E-03 5.0481E-03 5.3194E-03 5.3994E-03 5.4960E-03 5.5677E-03 5.5922E-03 5.9540E-03 6.0008E-03 6.0570E-03 6.0840E-03 6.0681E-03 6.4239E-03 6.4228E-03 6.4496E-03 6.4826E-03 6.5131E-03 7.3749E-03 7.5794E-03 7.8467E-03 7.9936E-03 7.8891E-03 8.4968E-03 8.2533E-03 8.1750E-03 8.1792E-03 8.0751E-03 9.3157E-03 8.7448E-03 8.3660E-03 8.1304E-03 8.0427E-03 9.2490E-03 9.6856E-03 9.9319E-03 9.7369E-03 9.3743E-03 9.6891E-03 9.8097E-03 9.9186E-03 9.7457E-03
3.1044E-03 3.8080E-03 4.4157E-03 3.9679E-03 4.2288E-03 4.3730E-03 4.4724E-03 4.6017E-03 4.3186E-03 4.4638E-03 4.5788E-03 4.6673E-03 4.7507E-03 4.8822E-03 5.0109E-03 5.1357E-03 5.2238E-03 5.2688E-03 5.3220E-03 5.3882E-03 5.4740E-03 5.5511E-03 5.5998E-03 5.8922E-03 5.9538E-03 6.0346E-03 6.0983E-03 6.1360E-03 6.3292E-03 6.3522E-03 6.3615E-03 6.3626E-03 6.3648E-03 6.8514E-03 6.9478E-03 7.0893E-03 7.1814E-03 7.1324E-03 7.6802E-03 7.4927E-03 7.4197E-03 7.4287E-03 7.4124E-03 7.8098E-03 7.5302E-03 7.2961E-03 7.1121E-03 6.9398E-03 7.9116E-03 7.9988E-03 8.0814E-03 7.9676E-03 7.6840E-03 8.9708E-03 8.9459E-03 8.9855E-03 8.8434E-03
3.1596E-03 3.8899E-03 4.5668E-03 4.1488E-03 4.4740E-03 4.6673E-03 4.7911E-03 4.9303E-03 4.6038E-03 4.7489E-03 4.8531E-03 4.9190E-03 4.9782E-03 5.0893E-03 5.2024E-03 5.3305E-03 5.4426E-03 5.5211E-03 5.5913E-03 5.6362E-03 5.6917E-03 5.7638E-03 5.8346E-03 6.1658E-03 6.2592E-03 6.3718E-03 6.4685E-03 6.5464E-03 6.7897E-03 6.8318E-03 6.8326E-03 6.8111E-03 6.7881E-03 7.2632E-03 7.3191E-03 7.4381E-03 7.5522E-03 7.5553E-03 8.2205E-03 8.0606E-03 7.9862E-03 8.0260E-03 8.0702E-03 8.6022E-03 8.3384E-03 8.0842E-03 7.8870E-03 7.7113E-03 8.8804E-03 9.0140E-03 9.1060E-03 8.9318E-03 8.5287E-03 9.8460E-03 9.7564E-03 9.7926E-03 9.6817E-03
3.2431E-03 4.0163E-03 4.7482E-03 4.3323E-03 4.7076E-03 4.9403E-03 5.0908E-03 5.2541E-03 4.8976E-03 5.0604E-03 5.1693E-03 5.2227E-03 5.2571E-03 5.3375E-03 5.4161E-03 5.5277E-03 5.6474E-03 5.7581E-03 5.8637E-03 5.9120E-03 5.9561E-03 6.0216E-03 6.0940E-03 6.4336E-03 6.5394E-03 6.6711E-03 6.7847E-03 6.8893E-03 7.1679E-03 7.2318E-03 7.2478E-03 7.2214E-03 7.1702E-03 7.6239E-03 7.6198E-03 7.7084E-03 7.8400E-03 7.8959E-03 8.6454E-03 8.5447E-03 8.4955E-03 8.5496E-03 8.6257E-03 9.2566E-03 9.0516E-03 8.7925E-03 8.5666E-03 8.3808E-03 9.6695E-03 9.8058E-03 9.8886E-03 9.7093E-03 9.2781E-03 1.0629E-02 1.0509E-02 1.0552E-02 1.0461E-02
3.3524E-03 4.1660E-03 4.9302E-03 4.4934E-03 4.8870E-03 5.1403E-03 5.3156E-03 5.5193E-03 5.1601E-03 5.3570E-03 5.4889E-03 5.5528E-03 5.5778E-03 5.6340E-03 5.6755E-03 5.7589E-03 5.8682E-03 5.9893E-03 6.1274E-03 6.2132E-03 6.2892E-03 6.3696E-03 6.4320E-03 6.7606E-03 6.8419E-03 6.9682E-03 7.0889E-03 7.2079E-03 7.5010E-03 7.5848E-03 7.6320E-03 7.6201E-03 7.5594E-03 8.0206E-03 7.9636E-03 8.0249E-03 8.1765E-03 8.2884E-03 9.1045E-03 9.0665E-03 9.0608E-03 9.1086E-03 9.1766E-03 9.8893E-03 9.7811E-03 9.5559E-03 9.3087E-03 9.0974E-03 1.0493E-02 1.0630E-02 1.0729E-02 1.0609E-02 1.0215E-02 1.1628E-02 1.1450E-02 1.1483E-02 1.1383E-02
3.4778E-03 4.3189E-03 5.0951E-03 4.6156E-03 5.0040E-03 5.2771E-03 5.4954E-03 5.7582E-03 5.4077E-03 5.6379E-03 5.7917E-03 5.8791E-03 5.9209E-03 5.9853E-03 6.0095E-03 6.0567E-03 6.1347E-03 6.2405E-03 6.3943E-03 6.5263E-03 6.6635E-03 6.7852E-03 6.8461E-03 7.1751E-03 7.2108E-03 7.3172E-03 7.4364E-03 7.5404E-03 7.8235E-03 7.9395E-03 8.0432E-03 8.0642E-03 8.0085E-03 8.5079E-03 8.4276E-03 8.4745E-03 8.6389E-03 8.8087E-03 9.7301E-03 9.7579E-03 9.7882E-03 9.8239E-03 9.8699E-03 1.0683E-02 1.0667E-02 1.0526E-02 1.0298E-02 1.0063E-02 1.1655E-02 1.1830E-02 1.1956E-02 1.1897E-02 1.1544E-02 1.3051E-02 1.2845E-02 1.2814E-02 1.2681E-02
3.7082E-03 4.6079E-03 5.4160E-03 5.9437E-03 6.4098E-03 6.7724E-03 7.0877E-03 7.4548E-03 6.1711E-03 6.4504E-03 6.6213E-03 6.7245E-03 6.7897E-03 6.2525E-03 6.2749E-03 6.2895E-03 6.3318E-03 6.4075E-03 6.5946E-03 6.7368E-03 6.9170E-03 7.0997E-03 7.2013E-03 7.2683E-03 7.2896E-03 7.3725E-03 7.4655E-03 7.5160E-03 7.6298E-03 7.7213E-03 7.8390E-03 7.9101E-03 7.9053E-03 8.2209E-03 8.1714E-03 8.2091E-03 8.3263E-03 8.4688E-03 8.6680E-03 8.7010E-03 8.6988E-03 8.6905E-03 8.7118E-03 9.4565E-03 9.4700E-03 9.3977E-03 9.2617E-03 9.1107E-03 1.0001E-02 1.0056E-02 1.0137E-02 1.0141E-02 9.9693E-03 1.0875E-02 1.0668E-02 1.0531E-02 1.0356E-02
3.8406E-03 4.7494E-03 5.5614E-03 6.1061E-03 6.6151E-03 7.0316E-03 7.4472E-03 7.9297E-03 6.5598E-03 6.8848E-03 7.0600E-03 7.1558E-03 7.2361E-03 6.6674E-03 6.6919E-03 6.6781E-03 6.6852E-03 6.7360E-03 6.9124E-03 7.0561E-03 7.2492E-03 7.4764E-03 7.6470E-03 7.7719E-03 7.7805E-03 7.8148E-03 7.8628E-03 7.8705E-03 7.9521E-03 8.0293E-03 8.1683E-03 8.2923E-03 8.3393E-03 8.7192E-03 8.6825E-03 8.7252E-03 8.8327E-03 8.9581E-03 9.1930E-03 9.2847E-03 9.3118E-03 9.2907E-03 9.2818E-03 1.0067E-02 1.0123E-02 1.0125E-02 1.0039E-02 9.9085E-03 1.0973E-02 1.1077E-02 1.1196E-02 1.1216E-02 1.1061E-02 1.2151E-02 1.1942E-02 1.1773E-02 1.1571E-02
3.9772E-03 4.8884E-03 5.7043E-03 6.2777E-03 6.8454E-03 7.3276E-03 7.8213E-03 8.4071E-03 6.9513E-03 7.3410E-03 7.5427E-03 7.6419E-03 7.7304E-03 7.1150E-03 7.1468E-03 7.1128E-03 7.0856E-03 7.1079E-03 7.2757E-03 7.4211E-03 7.6145E-03 7.8638E-03 8.1032E-03 8.3221E-03 8.3679E-03 8.3551E-03 8.3270E-03 8.2793E-03 8.3272E-03 8.3665E-03 8.4958E-03 8.6516E-03 8.7516E-03 9.2003E-03 9.1957E-03 9.2448E-03 9.3249E-03 9.4104E-03 9.6337E-03 9.7372E-03 9.7971E-03 9.8101E-03 9.8068E-03 1.0623E-02 1.0715E-02 1.0805E-02 1.0792E-02 1.0686E-02 1.1816E-02 1.1892E-02 1.2010E-02 1.2058E-02 1.1973E-02 1.3232E-02 1.2979E-02 1.2749E-02 1.2508E-02
4.1056E-03 5.0214E-03 5.8187E-03 6.3764E-03 6.9671E-03 7.5069E-03 8.0642E-03 8.7191E-03 7.2058E-03 7.6554E-03 7.9144E-03 8.0630E-03 8.1959E-03 7.5528E-03 7.6130E-03 7.5759E-03 7.5244E-03 7.5261E-03 7.6972E-03 7.8450E-03 8.0419E-03 8.2955E-03 8.5633E-03 8.8579E-03 8.9981E-03 9.0230E-03 8.9584E-03 8.8596E-03 8.8772E-03 8.8621E-03 8.9484E-03 9.0940E-03 9.2166E-03 9.7376E-03 9.7841E-03 9.8458E-03 9.9189E-03 9.9871E-03 1.0181E-02 1.0245E-02 1.0318E-02 1.0386E-02 1.0409E-02 1.1276E-02 1.1423E-02 1.1624E-02 1.1713E-02 1.1649E-02 1.2801E-02 1.2788E-02 1.2910E-02 1.3064E-02 1.3097E-02 1.4533E-02 1.4205E-02 1.3860E-02 1.3542E-02
4.2032E-03 5.1133E-03 5.8708E-03 6.3761E-03 6.9455E-03 7.5093E-03 8.0989E-03 8.7678E-03 7.2200E-03 7.6840E-03 8.0012E-03 8.2439E-03 8.4866E-03 7.8905E-03 8.0274E-03 8.0307E-03 7.9885E-03 7.9936E-03 8.1840E-03 8.3394E-03 8.5371E-03 8.7634E-03 8.9920E-03 9.2939E-03 9.5393E-03 9.7035E-03 9.7209E-03 9.6487E-03 9.6851E-03 9.6316E-03 9.6400E-03 9.7193E-03 9.8356E-03 1.0413E-02 1.0499E-02 1.0613E-02 1.0766E-02 1.0882E-02 1.1053E-02 1.1029E-02 1.1061E-02 1.1164E-02 1.1237E-02 1.2220E-02 1.2443E-02 1.2758E-02 1.2961E-02 1.2988E-02 1.4286E-02 1.4226E-02 1.4387E-02 1.4679E-02 1.4835E-02 1.6491E-02 1.6092E-02 1.5596E-02 1.5217E-02
4.1331E-03 4.9845E-03 5.6692E-03 6.4377E-03 6.9708E-03 7.5247E-03 8.1035E-03 8.7420E-03 8.9458E-03 9.5147E-03 9.9472E-03 1.0338E-02 1.0797E-02 9.1777E-03 9.4944E-03 9.6054E-03 9.6037E-03 9.6198E-03 8.5130E-03 8.6749E-03 8.8443E-03 9.0019E-03 9.1518E-03 9.5755E-03 9.8574E-03 1.0153E-02 1.0336E-02 1.0403E-02 1.0410E-02 1.0391E-02 1.0340E-02 1.0321E-02 1.0379E-02 1.0360E-02 1.0424E-02 1.0544E-02 1.0722E-02 1.0881E-02 1.0972E-02 1.0944E-02 1.0915E-02 1.0959E-02 1.1066E-02 1.1139E-02 1.1321E-02 1.1552E-02 1.1741E-02 1.1819E-02 1.1921E-02 1.1855E-02 1.1900E-02 1.2082E-02 1.2249E-02 1.3008E-02 1.2822E-02 1.2478E-02 1.2150E-02
4.2048E-03 5.0390E-03 5.6876E-03 6.4142E-03 6.8990E-03 7.4027E-03 7.9252E-03 8.4969E-03 8.6468E-03 9.1793E-03 9.6409E-03 1.0129E-02 1.0771E-02 9.2587E-03 9.7230E-03 1.0017E-02 1.0202E-02 1.0366E-02 9.1706E-03 9.3528E-03 9.4973E-03 9.6039E-03 9.7009E-03 1.0075E-02 1.0294E-02 1.0613E-02 1.0940E-02 1.1193E-02 1.1372E-02 1.1466E-02 1.1428E-02 1.1327E-02 1.1284E-02 1.1187E-02 1.1228E-02 1.1325E-02 1.1523E-02 1.1770E-02 1.1958E-02 1.1953E-02 1.1851E-02 1.1818E-02 1.1946E-02 1.2078E-02 1.2295E-02 1.2537E-02 1.2769E-02 1.2915E-02 1.3055E-02 1.2991E-02 1.3081E-02 1.3334E-02 1.3538E-02 1.4423E-02 1.4207E-02 1.3808E-02 1.3450E-02
4.2863E-03 5.1256E-03 5.7671E-03 6.4706E-03 6.9123E-03 7.3531E-03 7.8011E-03 8.2919E-03 8.3991E-03 8.9123E-03 9.4249E-03 1.0001E-02 1.0746E-02 9.3192E-03 9.8673E-03 1.0295E-02 1.0683E-02 1.1073E-02 9.8427E-03 1.0071E-02 1.0204E-02 1.0281E-02 1.0342E-02 1.0677E-02 1.0810E-02 1.1084E-02 1.1467E-02 1.1870E-02 1.2240E-02 1.2513E-02 1.2582E-02 1.2452E-02 1.2293E-02 1.2078E-02 1.2061E-02 1.2074E-02 1.2193E-02 1.2458E-02 1.2753E-02 1.2844E-02 1.2755E-02 1.2691E-02 1.2817E-02 1.2970E-02 1.3214E-02 1.3459E-02 1.3683E-02 1.3832E-02 1.3972E-02 1.3880E-02 1.3968E-02 1.4257E-02 1.4467E-02 1.5373E-02 1.5137E-02 1.4756E-02 1.4425E-02
4.3696E-03 5.2430E-03 5.9172E-03 6.6282E-03 7.0487E-03 7.4440E-03 7.8193E-03 8.2160E-03 8.2560E-03 8.7262E-03 9.2642E-03 9.8988E-03 1.0666E-02 9.3186E-03 9.9086E-03 1.0409E-02 1.0920E-02 1.1501E-02 1.0338E-02 1.0665E-02 1.0849E-02 1.0945E-02 1.1019E-02 1.1380E-02 1.1478E-02 1.1683E-02 1.2008E-02 1.2452E-02 1.2965E-02 1.3419E-02 1.3647E-02 1.3593E-02 1.3387E-02 1.3052E-02 1.2961E-02 1.2896E-02 1.2894E-02 1.3067E-02 1.3376E-02 1.3577E-02 1.3628E-02 1.3648E-02 1.3781E-02 1.3921E-02 1.4188E-02 1.4440E-02 1.4632E-02 1.4761E-02 1.4926E-02 1.4827E-02 1.4896E-02 1.5166E-02 1.5384E-02 1.6330E-02 1.6072E-02 1.5712E-02 1.5414E-02
4.4700E-03 5.3767E-03 6.0980E-03 6.8520E-03 7.2879E-03 7.6760E-03 8.0247E-03 8.3608E-03 8.3184E-03 8.7106E-03 9.2002E-03 9.8140E-03 1.0546E-02 9.2492E-03 9.8353E-03 1.0353E-02 1.0888E-02 1.1557E-02 1.0553E-02 1.1002E-02 1.1286E-02 1.1475E-02 1.1668E-02 1.2173E-02 1.2308E-02 1.2434E-02 1.2646E-02 1.3034E-02 1.3576E-02 1.4149E-02 1.4543E-02 1.4668E-02 1.4543E-02 1.4156E-02 1.4002E-02 1.3890E-02 1.3788E-02 1.3810E-02 1.4026E-02 1.4300E-02 1.4538E-02 1.4717E-02 1.4919E-02 1.5089E-02 1.5392E-02 1.5660E-02 1.5871E-02 1.6039E-02 1.6274E-02 1.6180E-02 1.6230E-02 1.6481E-02 1.6732E-02 1.7756E-02 1.7471E-02 1.7142E-02 1.6917E-02
4.3934E-03 5.2529E-03 5.9530E-03 6.6188E-03 7.0640E-03 7.4559E-03 7.8035E-03 8.1143E-03 8.5743E-03 8.8818E-03 9.2777E-03 9.8096E-03 1.0464E-02 1.1152E-02 1.1824E-02 1.2435E-02 1.3064E-02 1.3898E-02 1.2375E-02 1.3073E-02 1.3561E-02 1.3955E-02 1.4433E-02 1.2521E-02 1.2763E-02 1.2860E-02 1.2981E-02 1.3261E-02 1.3838E-02 1.4365E-02 1.4844E-02 1.5206E-02 1.5326E-02 1.5151E-02 1.4996E-02 1.4861E-02 1.4692E-02 1.4592E-02 1.4555E-02 1.4795E-02 1.5120E-02 1.5460E-02 1.5826E-02 1.5992E-02 1.6365E-02 1.6658E-02 1.6887E-02 1.7104E-02 1.6857E-02 1.6798E-02 1.6821E-02 1.7026E-02 1.7290E-02 1.7235E-02 1.6990E-02 1.6719E-02 1.6526E-02
4.5806E-03 5.4828E-03 6.1895E-03 6.8574E-03 7.3186E-03 7.7452E-03 8.1342E-03 8.4755E-03 8.9597E-03 9.2397E-03 9.5671E-03 1.0001E-02 1.0536E-02 1.1104E-02 1.1683E-02 1.2230E-02 1.2855E-02 1.3718E-02 1.2306E-02 1.3118E-02 1.3769E-02 1.4364E-02 1.5062E-02 1.3284E-02 1.3701E-02 1.3876E-02 1.3965E-02 1.4138E-02 1.4576E-02 1.4977E-02 1.5460E-02 1.5988E-02 1.6375E-02 1.6430E-02 1.6386E-02 1.6284E-02 1.6118E-02 1.5972E-02 1.5848E-02 1.6047E-02 1.6389E-02 1.6837E-02 1.7400E-02 1.7736E-02 1.8277E-02 1.8654E-02 1.8953E-02 1.9250E-02 1.9011E-02 1.9001E-02 1.9030E-02 1.9220E-02 1.9457E-02 1.9349E-02 1.9018E-02 1.8679E-02 1.8467E-02
