inst/extdata/annuale_tv1a_esri.grd
ncols       101
nrows       101
xllcorner      7.356090000E+05
yllcorner      5.071016000E+06
cellsize      5.000000000E+01
nodata_value         -9
[rows 75 to 99 of 101, columns 0 to 56 of 101]
2.8580E-02 3.7220E-02 4.3429E-02 4.7109E-02 5.0542E-02 5.3600E-02 5.6500E-02 5.9388E-02 6.1996E-02 6.5001E-02 6.8050E-02 7.1064E-02 7.3851E-02 7.7925E-02 8.0912E-02 8.4269E-02 8.7644E-02 9.0647E-02 9.3065E-02 9.5876E-02 9.8828E-02 1.0132E-01 1.0238E-01 1.0700E-01 1.0684E-01 1.0740E-01 1.0815E-01 1.0870E-01 1.0849E-01 1.0811E-01 1.0762E-01 1.0722E-01 1.0674E-01 1.0620E-01 1.0443E-01 1.0213E-01 9.9790E-02 9.7336E-02 9.8297E-02 9.7279E-02 9.8039E-02 9.9170E-02 9.8482E-02 9.4949E-02 9.0554E-02 8.6976E-02 8.5293E-02 8.4405E-02 8.2014E-02 7.9733E-02 7.6283E-02 7.1355E-02 6.5999E-02 6.0614E-02 5.9029E-02 5.7501E-02 5.5080E-02
2.9714E-02 3.8649E-02 4.5036E-02 4.8818E-02 5.2331E-02 5.5427E-02 5.8328E-02 6.1299E-02 6.4017E-02 6.6894E-02 6.9642E-02 7.2490E-02 7.5401E-02 7.9688E-02 8.2662E-02 8.5756E-02 8.8711E-02 9.1341E-02 9.3520E-02 9.6117E-02 9.8635E-02 1.0031E-01 1.0045E-01 1.0430E-01 1.0406E-01 1.0458E-01 1.0502E-01 1.0504E-01 1.0441E-01 1.0393E-01 1.0355E-01 1.0308E-01 1.0211E-01 1.0086E-01 9.8793E-02 9.6581E-02 9.4582E-02 9.2821E-02 9.4554E-02 9.4408E-02 9.5479E-02 9.5963E-02 9.4059E-02 8.9989E-02 8.6052E-02 8.3199E-02 8.1798E-02 8.0817E-02 7.8544E-02 7.6484E-02 7.3130E-02 6.8471E-02 6.3696E-02 5.8588E-02 5.6935E-02 5.5508E-02 5.3302E-02
3.0694E-02 3.9967E-02 4.6628E-02 5.0574E-02 5.4158E-02 5.7289E-02 6.0163E-02 6.3031E-02 6.5621E-02 6.8350E-02 7.1035E-02 7.4036E-02 7.7150E-02 8.1404E-02 8.4059E-02 8.6699E-02 8.9329E-02 9.1853E-02 9.3923E-02 9.6049E-02 9.7644E-02 9.8435E-02 9.8275E-02 1.0205E-01 1.0185E-01 1.0207E-01 1.0212E-01 1.0172E-01 1.0074E-01 1.0018E-01 9.9808E-02 9.9103E-02 9.7470E-02 9.5617E-02 9.3503E-02 9.1577E-02 9.0193E-02 8.9316E-02 9.1824E-02 9.2422E-02 9.3466E-02 9.2998E-02 9.0122E-02 8.5832E-02 8.2425E-02 8.0215E-02 7.8928E-02 7.7724E-02 7.5505E-02 7.3443E-02 7.0015E-02 6.5579E-02 6.1362E-02 5.6748E-02 5.5183E-02 5.3710E-02 5.1616E-02
3.1484E-02 4.1050E-02 4.7917E-02 5.1647E-02 5.5213E-02 5.8227E-02 6.0931E-02 6.3536E-02 6.6405E-02 6.9160E-02 7.2140E-02 7.5369E-02 7.8382E-02 8.1084E-02 8.3275E-02 8.5497E-02 8.7897E-02 9.0214E-02 9.1338E-02 9.2740E-02 9.3449E-02 9.3628E-02 9.3477E-02 9.5164E-02 9.4925E-02 9.4875E-02 9.4552E-02 9.3728E-02 9.4875E-02 9.4183E-02 9.3660E-02 9.2563E-02 9.0521E-02 8.9137E-02 8.7176E-02 8.5708E-02 8.5040E-02 8.5018E-02 8.6355E-02 8.7278E-02 8.7700E-02 8.6134E-02 8.2829E-02 7.9684E-02 7.6809E-02 7.5072E-02 7.3768E-02 7.2396E-02 7.0572E-02 6.8504E-02 6.5074E-02 6.0905E-02 5.7249E-02 5.4872E-02 5.3457E-02 5.1920E-02 5.0010E-02
3.2551E-02 4.2452E-02 4.9471E-02 5.3206E-02 5.6743E-02 5.9609E-02 6.2167E-02 6.4733E-02 6.7615E-02 7.0519E-02 7.3621E-02 7.6695E-02 7.9322E-02 8.1675E-02 8.3717E-02 8.5824E-02 8.8033E-02 8.9945E-02 9.0451E-02 9.1211E-02 9.1485E-02 9.1436E-02 9.1259E-02 9.2951E-02 9.2642E-02 9.2405E-02 9.1858E-02 9.0739E-02 9.1434E-02 9.0456E-02 8.9635E-02 8.8226E-02 8.6188E-02 8.4937E-02 8.3208E-02 8.2324E-02 8.2422E-02 8.3153E-02 8.5056E-02 8.6031E-02 8.5601E-02 8.3002E-02 7.9414E-02 7.6610E-02 7.4132E-02 7.2529E-02 7.1068E-02 6.9626E-02 6.7907E-02 6.5788E-02 6.2275E-02 5.8231E-02 5.4924E-02 5.2961E-02 5.1724E-02 5.0111E-02 4.8374E-02
3.3462E-02 4.3635E-02 5.0725E-02 5.4397E-02 5.7884E-02 6.0716E-02 6.3306E-02 6.6031E-02 6.9070E-02 7.1966E-02 7.4729E-02 7.7260E-02 7.9483E-02 8.1751E-02 8.3883E-02 8.5844E-02 8.7510E-02 8.8763E-02 8.8722E-02 8.9069E-02 8.9168E-02 8.9034E-02 8.8779E-02 9.0264E-02 8.9778E-02 8.9391E-02 8.8724E-02 8.7464E-02 8.7800E-02 8.6504E-02 8.5389E-02 8.3914E-02 8.2162E-02 8.1151E-02 7.9826E-02 7.9579E-02 8.0333E-02 8.1565E-02 8.3623E-02 8.4217E-02 8.2831E-02 7.9542E-02 7.6017E-02 7.3658E-02 7.1467E-02 6.9895E-02 6.8416E-02 6.7061E-02 6.5367E-02 6.3160E-02 5.9643E-02 5.5692E-02 5.2570E-02 5.0939E-02 4.9979E-02 4.8424E-02 4.6806E-02
3.4201E-02 4.4571E-02 5.1677E-02 5.5339E-02 5.8902E-02 6.1896E-02 6.4707E-02 6.7582E-02 7.0530E-02 7.3001E-02 7.5180E-02 7.7303E-02 7.9413E-02 8.1822E-02 8.3935E-02 8.5533E-02 8.6476E-02 8.6994E-02 8.6619E-02 8.6766E-02 8.6718E-02 8.6603E-02 8.6378E-02 8.7610E-02 8.6884E-02 8.6372E-02 8.5592E-02 8.4146E-02 8.4188E-02 8.2613E-02 8.1243E-02 7.9902E-02 7.8506E-02 7.7820E-02 7.7078E-02 7.7477E-02 7.8657E-02 8.0118E-02 8.2052E-02 8.1973E-02 7.9753E-02 7.6279E-02 7.3038E-02 7.0861E-02 6.8838E-02 6.7338E-02 6.5932E-02 6.4731E-02 6.3072E-02 6.0796E-02 5.7281E-02 5.3386E-02 5.0404E-02 4.9036E-02 4.8300E-02 4.6872E-02 4.5362E-02
3.4803E-02 4.5319E-02 5.2496E-02 5.6335E-02 6.0148E-02 6.3363E-02 6.6226E-02 6.8816E-02 7.1275E-02 7.3242E-02 7.5162E-02 7.7297E-02 7.9480E-02 8.1876E-02 8.3642E-02 8.4724E-02 8.5087E-02 8.5018E-02 8.4249E-02 8.4156E-02 8.4088E-02 8.4127E-02 8.4007E-02 8.5154E-02 8.4380E-02 8.3841E-02 8.2904E-02 8.1165E-02 8.0815E-02 7.8932E-02 7.7467E-02 7.6384E-02 7.5387E-02 7.5166E-02 7.5113E-02 7.6132E-02 7.7494E-02 7.8807E-02 8.0320E-02 7.9496E-02 7.6725E-02 7.3395E-02 7.0452E-02 6.8351E-02 6.6471E-02 6.5072E-02 6.3734E-02 6.2670E-02 6.1006E-02 5.8565E-02 5.5037E-02 5.1301E-02 4.8569E-02 4.7387E-02 4.6722E-02 4.5374E-02 4.4003E-02
3.4842E-02 4.5335E-02 5.2579E-02 5.7017E-02 6.0897E-02 6.4035E-02 6.6600E-02 6.8642E-02 7.0421E-02 7.2210E-02 7.4238E-02 7.6473E-02 7.8646E-02 7.9869E-02 8.1078E-02 8.1588E-02 8.1514E-02 8.0993E-02 8.2279E-02 8.1992E-02 8.2024E-02 8.2137E-02 8.2094E-02 8.0067E-02 7.9613E-02 7.9135E-02 7.7949E-02 7.5882E-02 7.7092E-02 7.4996E-02 7.3683E-02 7.2862E-02 7.2151E-02 7.1578E-02 7.2226E-02 7.3714E-02 7.5041E-02 7.5917E-02 7.5952E-02 7.4538E-02 7.1700E-02 6.8701E-02 6.6019E-02 6.4526E-02 6.2805E-02 6.1480E-02 6.0273E-02 5.9268E-02 5.8660E-02 5.6005E-02 5.2563E-02 4.9141E-02 4.6827E-02 4.5705E-02 4.4891E-02 4.3563E-02 4.2423E-02
3.5564E-02 4.6305E-02 5.3695E-02 5.8106E-02 6.1762E-02 6.4508E-02 6.6629E-02 6.8350E-02 7.0085E-02 7.2002E-02 7.4083E-02 7.6222E-02 7.8218E-02 7.9024E-02 7.9643E-02 7.9634E-02 7.9212E-02 7.8451E-02 7.9556E-02 7.9344E-02 7.9260E-02 7.9141E-02 7.9119E-02 7.7621E-02 7.7605E-02 7.7148E-02 7.5693E-02 7.3223E-02 7.3892E-02 7.1797E-02 7.0710E-02 7.0099E-02 6.9653E-02 6.9652E-02 7.0883E-02 7.2579E-02 7.3822E-02 7.4366E-02 7.3841E-02 7.1961E-02 6.9130E-02 6.6284E-02 6.3682E-02 6.2308E-02 6.0751E-02 5.9481E-02 5.8355E-02 5.7251E-02 5.6363E-02 5.3693E-02 5.0461E-02 4.7334E-02 4.5319E-02 4.4358E-02 4.3478E-02 4.2154E-02 4.1132E-02
3.6424E-02 4.7380E-02 5.4692E-02 5.8719E-02 6.1909E-02 6.4248E-02 6.6123E-02 6.7910E-02 6.9839E-02 7.1800E-02 7.3722E-02 7.5607E-02 7.7181E-02 7.7385E-02 7.7441E-02 7.7025E-02 7.6416E-02 7.5785E-02 7.7085E-02 7.6833E-02 7.6370E-02 7.6030E-02 7.6218E-02 7.5229E-02 7.5365E-02 7.4759E-02 7.3044E-02 7.0249E-02 7.0692E-02 6.8933E-02 6.8046E-02 6.7568E-02 6.7544E-02 6.8160E-02 6.9658E-02 7.1122E-02 7.2064E-02 7.2319E-02 7.1507E-02 6.9416E-02 6.6667E-02 6.3872E-02 6.1189E-02 5.9907E-02 5.8646E-02 5.7531E-02 5.6402E-02 5.5166E-02 5.4084E-02 5.1485E-02 4.8517E-02 4.5725E-02 4.3879E-02 4.2926E-02 4.2079E-02 4.0760E-02 3.9792E-02
3.7118E-02 4.8125E-02 5.5204E-02 5.8734E-02 6.1511E-02 6.3714E-02 6.5677E-02 6.7691E-02 6.9758E-02 7.1613E-02 7.3230E-02 7.4636E-02 7.5627E-02 7.5317E-02 7.5001E-02 7.4351E-02 7.3766E-02 7.3401E-02 7.4674E-02 7.4052E-02 7.3259E-02 7.3069E-02 7.3687E-02 7.2940E-02 7.2858E-02 7.1842E-02 6.9858E-02 6.7125E-02 6.7679E-02 6.6278E-02 6.5514E-02 6.5247E-02 6.5816E-02 6.6994E-02 6.8518E-02 6.9608E-02 7.0145E-02 7.0092E-02 6.9090E-02 6.6995E-02 6.4374E-02 6.1559E-02 5.8771E-02 5.7566E-02 5.6574E-02 5.5645E-02 5.4430E-02 5.3014E-02 5.1831E-02 4.9321E-02 4.6616E-02 4.4186E-02 4.2512E-02 4.1553E-02 4.0700E-02 3.9430E-02 3.8551E-02
3.7482E-02 4.8283E-02 5.5081E-02 5.8444E-02 6.1172E-02 6.3464E-02 6.5597E-02 6.7686E-02 6.9661E-02 7.1221E-02 7.2380E-02 7.3299E-02 7.3887E-02 7.3264E-02 7.2684E-02 7.2015E-02 7.1619E-02 7.1342E-02 7.2222E-02 7.1199E-02 7.0424E-02 7.0648E-02 7.1477E-02 7.0501E-02 7.0014E-02 6.8579E-02 6.6444E-02 6.4141E-02 6.5034E-02 6.3898E-02 6.3247E-02 6.3316E-02 6.4442E-02 6.5913E-02 6.7324E-02 6.8118E-02 6.8328E-02 6.7996E-02 6.6793E-02 6.4767E-02 6.2337E-02 5.9523E-02 5.6753E-02 5.5705E-02 5.4818E-02 5.3893E-02 5.2610E-02 5.1115E-02 4.9935E-02 4.7584E-02 4.5143E-02 4.3053E-02 4.1564E-02 4.0495E-02 3.9492E-02 3.8241E-02 3.7432E-02
3.7334E-02 4.7829E-02 5.4453E-02 5.7657E-02 6.0582E-02 6.2970E-02 6.5075E-02 6.6951E-02 6.8427E-02 6.9636E-02 7.0416E-02 7.0996E-02 7.1284E-02 7.0245E-02 6.9547E-02 6.9034E-02 6.8708E-02 6.8187E-02 6.8296E-02 6.7314E-02 6.6954E-02 6.7462E-02 6.8069E-02 6.8465E-02 6.7486E-02 6.5745E-02 6.3672E-02 6.1858E-02 6.1432E-02 6.0541E-02 6.0105E-02 6.0575E-02 6.2034E-02 6.4070E-02 6.5212E-02 6.5711E-02 6.5719E-02 6.5163E-02 6.2977E-02 6.1040E-02 5.8831E-02 5.6217E-02 5.3770E-02 5.3825E-02 5.2976E-02 5.1949E-02 5.0614E-02 4.9087E-02 4.7419E-02 4.5303E-02 4.3195E-02 4.1400E-02 4.0030E-02 3.8631E-02 3.7533E-02 3.6313E-02 3.5560E-02
3.6989E-02 4.7383E-02 5.4084E-02 5.7471E-02 6.0539E-02 6.2947E-02 6.4900E-02 6.6376E-02 6.7389E-02 6.8307E-02 6.8916E-02 6.9168E-02 6.9070E-02 6.7975E-02 6.7459E-02 6.7099E-02 6.6594E-02 6.5693E-02 6.5606E-02 6.4976E-02 6.5077E-02 6.5650E-02 6.5897E-02 6.5734E-02 6.4257E-02 6.2408E-02 6.0689E-02 5.9335E-02 5.9132E-02 5.8390E-02 5.8271E-02 5.9243E-02 6.1013E-02 6.3039E-02 6.3944E-02 6.4163E-02 6.3941E-02 6.3140E-02 6.0834E-02 5.8905E-02 5.6756E-02 5.4330E-02 5.2311E-02 5.2627E-02 5.1698E-02 5.0520E-02 4.9206E-02 4.7677E-02 4.5964E-02 4.4008E-02 4.2136E-02 4.0475E-02 3.9112E-02 3.7705E-02 3.6534E-02 3.5295E-02 3.4563E-02
3.6532E-02 4.6968E-02 5.3862E-02 5.7412E-02 6.0503E-02 6.2768E-02 6.4405E-02 6.5454E-02 6.6060E-02 6.6728E-02 6.7147E-02 6.7012E-02 6.6591E-02 6.5644E-02 6.5442E-02 6.5112E-02 6.4295E-02 6.3113E-02 6.3077E-02 6.2857E-02 6.3199E-02 6.3702E-02 6.3611E-02 6.2984E-02 6.1190E-02 5.9411E-02 5.8069E-02 5.7011E-02 5.6911E-02 5.6356E-02 5.6637E-02 5.8059E-02 6.0009E-02 6.1940E-02 6.2649E-02 6.2627E-02 6.2040E-02 6.0965E-02 5.8694E-02 5.6846E-02 5.4739E-02 5.2505E-02 5.0860E-02 5.1288E-02 5.0211E-02 4.8953E-02 4.7775E-02 4.6292E-02 4.4563E-02 4.2752E-02 4.1091E-02 3.9518E-02 3.8119E-02 3.6684E-02 3.5416E-02 3.4148E-02 3.3454E-02
3.6216E-02 4.6771E-02 5.3781E-02 5.7377E-02 6.0349E-02 6.2292E-02 6.3504E-02 6.4266E-02 6.4655E-02 6.5093E-02 6.5196E-02 6.4777E-02 6.4290E-02 6.3502E-02 6.3391E-02 6.2895E-02 6.1879E-02 6.0827E-02 6.1135E-02 6.1207E-02 6.1544E-02 6.1765E-02 6.1255E-02 6.0311E-02 5.8521E-02 5.6948E-02 5.5805E-02 5.4863E-02 5.4837E-02 5.4632E-02 5.5429E-02 5.7151E-02 5.9117E-02 6.0867E-02 6.1353E-02 6.1115E-02 6.0213E-02 5.8904E-02 5.6719E-02 5.4920E-02 5.2859E-02 5.0872E-02 4.9487E-02 4.9828E-02 4.8561E-02 4.7312E-02 4.6319E-02 4.4987E-02 4.3379E-02 4.1653E-02 4.0075E-02 3.8563E-02 3.7080E-02 3.5554E-02 3.4282E-02 3.3072E-02 3.2401E-02
3.6242E-02 4.6944E-02 5.3938E-02 5.7298E-02 5.9884E-02 6.1434E-02 6.2333E-02 6.2908E-02 6.3134E-02 6.3316E-02 6.3087E-02 6.2601E-02 6.2299E-02 6.1655E-02 6.1454E-02 6.0746E-02 5.9730E-02 5.9055E-02 5.9719E-02 5.9886E-02 6.0012E-02 5.9769E-02 5.8845E-02 5.7860E-02 5.6385E-02 5.5050E-02 5.3920E-02 5.3012E-02 5.3182E-02 5.3459E-02 5.4706E-02 5.6569E-02 5.8529E-02 6.0066E-02 6.0209E-02 5.9656E-02 5.8522E-02 5.7073E-02 5.5008E-02 5.3205E-02 5.1145E-02 4.9425E-02 4.8264E-02 4.8463E-02 4.7055E-02 4.5852E-02 4.5006E-02 4.3862E-02 4.2408E-02 4.0716E-02 3.9139E-02 3.7585E-02 3.6025E-02 3.4488E-02 3.3285E-02 3.2163E-02 3.1502E-02
3.5514E-02 4.5911E-02 5.2554E-02 5.6564E-02 5.8654E-02 5.9868E-02 6.0606E-02 6.0999E-02 6.0813E-02 6.0678E-02 6.0232E-02 5.9856E-02 5.9830E-02 5.8612E-02 5.8358E-02 5.7693E-02 5.6943E-02 5.6571E-02 5.7584E-02 5.7600E-02 5.7345E-02 5.6646E-02 5.5537E-02 5.4064E-02 5.2982E-02 5.1873E-02 5.0744E-02 4.9933E-02 5.0710E-02 5.1490E-02 5.2978E-02 5.4767E-02 5.6426E-02 5.7876E-02 5.7618E-02 5.6702E-02 5.5348E-02 5.3884E-02 5.2163E-02 5.0451E-02 4.8502E-02 4.7062E-02 4.6076E-02 4.6021E-02 4.4597E-02 4.3484E-02 4.2793E-02 4.1837E-02 3.9797E-02 3.8209E-02 3.6774E-02 3.5286E-02 3.3745E-02 3.2436E-02 3.1322E-02 3.0327E-02 2.9759E-02
3.5528E-02 4.5809E-02 5.2153E-02 5.5759E-02 5.7495E-02 5.8405E-02 5.8928E-02 5.9143E-02 5.8750E-02 5.8420E-02 5.7963E-02 5.7715E-02 5.7827E-02 5.6702E-02 5.6497E-02 5.6071E-02 5.5668E-02 5.5441E-02 5.6320E-02 5.6033E-02 5.5384E-02 5.4412E-02 5.3299E-02 5.2001E-02 5.1078E-02 5.0113E-02 4.9151E-02 4.8600E-02 4.9778E-02 5.1044E-02 5.2796E-02 5.4494E-02 5.5689E-02 5.6622E-02 5.6006E-02 5.4735E-02 5.3139E-02 5.1746E-02 5.0210E-02 4.8612E-02 4.6843E-02 4.5659E-02 4.4787E-02 4.4653E-02 4.3283E-02 4.2349E-02 4.1808E-02 4.0870E-02 3.8794E-02 3.7150E-02 3.5737E-02 3.4297E-02 3.2785E-02 3.1459E-02 3.0341E-02 2.9396E-02 2.8928E-02
3.5096E-02 4.5057E-02 5.1010E-02 5.4298E-02 5.5802E-02 5.6446E-02 5.6742E-02 5.6833E-02 5.6368E-02 5.5993E-02 5.5589E-02 5.5408E-02 5.5545E-02 5.4538E-02 5.4491E-02 5.4363E-02 5.4275E-02 5.4119E-02 5.4752E-02 5.4094E-02 5.3111E-02 5.1993E-02 5.0891E-02 4.9665E-02 4.8830E-02 4.8083E-02 4.7490E-02 4.7357E-02 4.8944E-02 5.0514E-02 5.2322E-02 5.3759E-02 5.4398E-02 5.4808E-02 5.3898E-02 5.2407E-02 5.0783E-02 4.9584E-02 4.8150E-02 4.6604E-02 4.5031E-02 4.4075E-02 4.3311E-02 4.3195E-02 4.2026E-02 4.1332E-02 4.0815E-02 3.9705E-02 3.7500E-02 3.5862E-02 3.4517E-02 3.3143E-02 3.1653E-02 3.0290E-02 2.9207E-02 2.8362E-02 2.7944E-02
3.4136E-02 4.3679E-02 4.9303E-02 5.2332E-02 5.3612E-02 5.4054E-02 5.4194E-02 5.4201E-02 5.3737E-02 5.3402E-02 5.3089E-02 5.2970E-02 5.3061E-02 5.2128E-02 5.2261E-02 5.2410E-02 5.2477E-02 5.2244E-02 5.2569E-02 5.1601E-02 5.0449E-02 4.9317E-02 4.8237E-02 4.7031E-02 4.6292E-02 4.5788E-02 4.5619E-02 4.6070E-02 4.8155E-02 4.9835E-02 5.1422E-02 5.2463E-02 5.2677E-02 5.2772E-02 5.1648E-02 5.0060E-02 4.8625E-02 4.7644E-02 4.6200E-02 4.4678E-02 4.3293E-02 4.2483E-02 4.1741E-02 4.1646E-02 4.0696E-02 4.0192E-02 3.9635E-02 3.8373E-02 3.6111E-02 3.4494E-02 3.3238E-02 3.1954E-02 3.0449E-02 2.8995E-02 2.7962E-02 2.7288E-02 2.6901E-02
3.2557E-02 4.1613E-02 4.6978E-02 4.9820E-02 5.0949E-02 5.1251E-02 5.1266E-02 5.1191E-02 5.0728E-02 5.0471E-02 5.0278E-02 5.0203E-02 5.0226E-02 4.9361E-02 4.9644E-02 4.9977E-02 5.0043E-02 4.9642E-02 4.9680E-02 4.8521E-02 4.7331E-02 4.6224E-02 4.5243E-02 4.4183E-02 4.3589E-02 4.3310E-02 4.3589E-02 4.4602E-02 4.7035E-02 4.8660E-02 4.9913E-02 5.0507E-02 5.0413E-02 5.0361E-02 4.9140E-02 4.7582E-02 4.6401E-02 4.5548E-02 4.4088E-02 4.2689E-02 4.1536E-02 4.0842E-02 4.0048E-02 3.9935E-02 3.9195E-02 3.8876E-02 3.8274E-02 3.6902E-02 3.4615E-02 3.3009E-02 3.1779E-02 3.0561E-02 2.9134E-02 2.7635E-02 2.6612E-02 2.6054E-02 2.5674E-02
3.0063E-02 3.8357E-02 4.3273E-02 4.5067E-02 4.6072E-02 4.6339E-02 4.6314E-02 4.6169E-02 4.6052E-02 4.5894E-02 4.5787E-02 4.5730E-02 4.5754E-02 4.5553E-02 4.5898E-02 4.6214E-02 4.6147E-02 4.5577E-02 4.4906E-02 4.3729E-02 4.2591E-02 4.1591E-02 4.0861E-02 4.0487E-02 4.0097E-02 4.0060E-02 4.0745E-02 4.2051E-02 4.4205E-02 4.5530E-02 4.6349E-02 4.6544E-02 4.6276E-02 4.5805E-02 4.4683E-02 4.3370E-02 4.2392E-02 4.1532E-02 4.0104E-02 3.8906E-02 3.8022E-02 3.7449E-02 3.6662E-02 3.5953E-02 3.5447E-02 3.5266E-02 3.4622E-02 3.3272E-02 3.1796E-02 3.0271E-02 2.9083E-02 2.7954E-02 2.6710E-02 2.5274E-02 2.4329E-02 2.3825E-02 2.3439E-02
2.6273E-02 3.3455E-02 3.7646E-02 3.9112E-02 3.9978E-02 4.0301E-02 4.0368E-02 4.0213E-02 4.0077E-02 3.9925E-02 3.9821E-02 3.9811E-02 3.9935E-02 3.9849E-02 4.0130E-02 4.0271E-02 4.0030E-02 3.9369E-02 3.8673E-02 3.7598E-02 3.6609E-02 3.5820E-02 3.5377E-02 3.5264E-02 3.5149E-02 3.5410E-02 3.6300E-02 3.7527E-02 3.9260E-02 4.0156E-02 4.0597E-02 4.0553E-02 4.0233E-02 3.9800E-02 3.8825E-02 3.7767E-02 3.6936E-02 3.6101E-02 3.4795E-02 3.3782E-02 3.3101E-02 3.2632E-02 3.1949E-02 3.1409E-02 3.1096E-02 3.0979E-02 3.0328E-02 2.9070E-02 2.7793E-02 2.6501E-02 2.5450E-02 2.4427E-02 2.3319E-02 2.2111E-02 2.1387E-02 2.0986E-02 2.0599E-02
