inst/extdata/annuale_tv1a_esri.grd
ncols       101
nrows       101
xllcorner      7.356090000E+05
yllcorner      5.071016000E+06
cellsize      5.000000000E+01
nodata_value         -9
[rows 25 to 49 of 101, columns 0 to 56 of 101]
4.7932E-03 5.7577E-03 6.4785E-03 7.1421E-03 7.5890E-03 8.0157E-03 8.4289E-03 8.8156E-03 9.3642E-03 9.6814E-03 9.9991E-03 1.0363E-02 1.0772E-02 1.1209E-02 1.1707E-02 1.2225E-02 1.2869E-02 1.3788E-02 1.2390E-02 1.3270E-02 1.4025E-02 1.4764E-02 1.5610E-02 1.3893E-02 1.4500E-02 1.4873E-02 1.5060E-02 1.5191E-02 1.5529E-02 1.5837E-02 1.6275E-02 1.6825E-02 1.7365E-02 1.7690E-02 1.7879E-02 1.7904E-02 1.7810E-02 1.7687E-02 1.7522E-02 1.7690E-02 1.8034E-02 1.8526E-02 1.9226E-02 1.9779E-02 2.0601E-02 2.1182E-02 2.1536E-02 2.1814E-02 2.1543E-02 2.1593E-02 2.1649E-02 2.1848E-02 2.2039E-02 2.1806E-02 2.1303E-02 2.0807E-02 2.0489E-02
4.9554E-03 5.9819E-03 6.7656E-03 7.4747E-03 7.9172E-03 8.3209E-03 8.7165E-03 9.1160E-03 9.7133E-03 1.0082E-02 1.0435E-02 1.0789E-02 1.1131E-02 1.1486E-02 1.1935E-02 1.2437E-02 1.3104E-02 1.4046E-02 1.2607E-02 1.3480E-02 1.4260E-02 1.5035E-02 1.5933E-02 1.4218E-02 1.4940E-02 1.5504E-02 1.5904E-02 1.6158E-02 1.6555E-02 1.6875E-02 1.7272E-02 1.7753E-02 1.8349E-02 1.8905E-02 1.9385E-02 1.9618E-02 1.9655E-02 1.9642E-02 1.9507E-02 1.9644E-02 1.9975E-02 2.0495E-02 2.1283E-02 2.2018E-02 2.3152E-02 2.4039E-02 2.4492E-02 2.4705E-02 2.4360E-02 2.4453E-02 2.4589E-02 2.4848E-02 2.4980E-02 2.4566E-02 2.3827E-02 2.3179E-02 2.2800E-02
5.1137E-03 6.1907E-03 7.0434E-03 7.8228E-03 8.2932E-03 8.6843E-03 9.0496E-03 9.4509E-03 1.0078E-02 1.0488E-02 1.0892E-02 1.1275E-02 1.1614E-02 1.1947E-02 1.2374E-02 1.2856E-02 1.3503E-02 1.4391E-02 1.2889E-02 1.3665E-02 1.4376E-02 1.5083E-02 1.5884E-02 1.4127E-02 1.4827E-02 1.5450E-02 1.6061E-02 1.6629E-02 1.7318E-02 1.7779E-02 1.8181E-02 1.8622E-02 1.9284E-02 2.0037E-02 2.0793E-02 2.1270E-02 2.1490E-02 2.1661E-02 2.1620E-02 2.1719E-02 2.1986E-02 2.2512E-02 2.3405E-02 2.4288E-02 2.5674E-02 2.6867E-02 2.7513E-02 2.7747E-02 2.7330E-02 2.7486E-02 2.7719E-02 2.8058E-02 2.8109E-02 2.7457E-02 2.6524E-02 2.5781E-02 2.5381E-02
4.9927E-03 5.9789E-03 6.7398E-03 7.6579E-03 8.1431E-03 8.5535E-03 8.9365E-03 9.3611E-03 9.4068E-03 9.7630E-03 1.0142E-02 1.0513E-02 1.0853E-02 1.1504E-02 1.1908E-02 1.2355E-02 1.2919E-02 1.3618E-02 1.4442E-02 1.5155E-02 1.5838E-02 1.6530E-02 1.7227E-02 1.8288E-02 1.9034E-02 1.9901E-02 2.1073E-02 2.2547E-02 2.0119E-02 2.0988E-02 2.1566E-02 2.2114E-02 2.2939E-02 2.1047E-02 2.2077E-02 2.2838E-02 2.3241E-02 2.3553E-02 2.3433E-02 2.3564E-02 2.3745E-02 2.4213E-02 2.5168E-02 2.6552E-02 2.8195E-02 2.9705E-02 3.0666E-02 3.1091E-02 2.9601E-02 2.9809E-02 3.0075E-02 3.0497E-02 3.0497E-02 3.0578E-02 2.9493E-02 2.8672E-02 2.8223E-02
5.3674E-03 6.4257E-03 7.1692E-03 8.0728E-03 8.5548E-03 9.0042E-03 9.4437E-03 9.9085E-03 9.9571E-03 1.0300E-02 1.0665E-02 1.1054E-02 1.1438E-02 1.2156E-02 1.2594E-02 1.3055E-02 1.3575E-02 1.4154E-02 1.4802E-02 1.5364E-02 1.5900E-02 1.6447E-02 1.7038E-02 1.7974E-02 1.8597E-02 1.9377E-02 2.0524E-02 2.2237E-02 2.0340E-02 2.1730E-02 2.2651E-02 2.3361E-02 2.4264E-02 2.2237E-02 2.3406E-02 2.4402E-02 2.5042E-02 2.5495E-02 2.5450E-02 2.5685E-02 2.5833E-02 2.6222E-02 2.7199E-02 2.8757E-02 3.0670E-02 3.2513E-02 3.3864E-02 3.4585E-02 3.3092E-02 3.3396E-02 3.3658E-02 3.4079E-02 3.4019E-02 3.4023E-02 3.2832E-02 3.1995E-02 3.1468E-02
5.8197E-03 7.0104E-03 7.7891E-03 8.7077E-03 9.1508E-03 9.5938E-03 1.0046E-02 1.0509E-02 1.0540E-02 1.0886E-02 1.1212E-02 1.1596E-02 1.2021E-02 1.2811E-02 1.3331E-02 1.3842E-02 1.4328E-02 1.4812E-02 1.5348E-02 1.5827E-02 1.6279E-02 1.6711E-02 1.7210E-02 1.8125E-02 1.8782E-02 1.9560E-02 2.0636E-02 2.2308E-02 2.0651E-02 2.2413E-02 2.3785E-02 2.4882E-02 2.6075E-02 2.3863E-02 2.5006E-02 2.6021E-02 2.6870E-02 2.7624E-02 2.7729E-02 2.8089E-02 2.8257E-02 2.8521E-02 2.9414E-02 3.1136E-02 3.3348E-02 3.5504E-02 3.7201E-02 3.8333E-02 3.7013E-02 3.7564E-02 3.7808E-02 3.8093E-02 3.7948E-02 3.7974E-02 3.6716E-02 3.5825E-02 3.5195E-02
6.3288E-03 7.7002E-03 8.5854E-03 9.5768E-03 9.9857E-03 1.0382E-02 1.0810E-02 1.1258E-02 1.1219E-02 1.1563E-02 1.1889E-02 1.2279E-02 1.2723E-02 1.3558E-02 1.4117E-02 1.4701E-02 1.5256E-02 1.5777E-02 1.6288E-02 1.6695E-02 1.7058E-02 1.7373E-02 1.7767E-02 1.8677E-02 1.9432E-02 2.0320E-02 2.1433E-02 2.3018E-02 2.1261E-02 2.3053E-02 2.4694E-02 2.6283E-02 2.8032E-02 2.5807E-02 2.6986E-02 2.7824E-02 2.8643E-02 2.9689E-02 3.0160E-02 3.0810E-02 3.1046E-02 3.1198E-02 3.1953E-02 3.3697E-02 3.6134E-02 3.8547E-02 4.0549E-02 4.2256E-02 4.1333E-02 4.2292E-02 4.2571E-02 4.2702E-02 4.2420E-02 4.2495E-02 4.1134E-02 4.0071E-02 3.9321E-02
6.8781E-03 8.4258E-03 9.4289E-03 1.0527E-02 1.0948E-02 1.1323E-02 1.1731E-02 1.2151E-02 1.2016E-02 1.2340E-02 1.2694E-02 1.3136E-02 1.3655E-02 1.4603E-02 1.5163E-02 1.5777E-02 1.6449E-02 1.7125E-02 1.7781E-02 1.8211E-02 1.8474E-02 1.8671E-02 1.8961E-02 1.9828E-02 2.0596E-02 2.1562E-02 2.2841E-02 2.4444E-02 2.2344E-02 2.3915E-02 2.5508E-02 2.7331E-02 2.9594E-02 2.7576E-02 2.9015E-02 2.9801E-02 3.0417E-02 3.1430E-02 3.2214E-02 3.3354E-02 3.3944E-02 3.4253E-02 3.4935E-02 3.6525E-02 3.8952E-02 4.1501E-02 4.3807E-02 4.6127E-02 4.5685E-02 4.7219E-02 4.7719E-02 4.7764E-02 4.7331E-02 4.7443E-02 4.5913E-02 4.4684E-02 4.3851E-02
6.4826E-03 7.8610E-03 8.7898E-03 9.7449E-03 1.0182E-02 1.0556E-02 1.0935E-02 1.1316E-02 1.1755E-02 1.2093E-02 1.2463E-02 1.2915E-02 1.3459E-02 1.3661E-02 1.4211E-02 1.4758E-02 1.5345E-02 1.5977E-02 1.6310E-02 1.6852E-02 1.7227E-02 1.7496E-02 1.7791E-02 1.8164E-02 1.8748E-02 1.9471E-02 2.0499E-02 2.1787E-02 2.2513E-02 2.3796E-02 2.5124E-02 2.6718E-02 2.8803E-02 2.9747E-02 3.1634E-02 3.2738E-02 3.3352E-02 3.4162E-02 3.5108E-02 3.6895E-02 3.8242E-02 3.9116E-02 3.9917E-02 3.9134E-02 4.1292E-02 4.3756E-02 4.6252E-02 4.9068E-02 5.0450E-02 5.2616E-02 5.3399E-02 5.3400E-02 5.2874E-02 5.0547E-02 4.8989E-02 4.7746E-02 4.6902E-02
6.7905E-03 8.2612E-03 9.2748E-03 1.0335E-02 1.0844E-02 1.1260E-02 1.1653E-02 1.2041E-02 1.2523E-02 1.2902E-02 1.3324E-02 1.3816E-02 1.4381E-02 1.4572E-02 1.5190E-02 1.5776E-02 1.6417E-02 1.7117E-02 1.7514E-02 1.8211E-02 1.8789E-02 1.9238E-02 1.9643E-02 2.0038E-02 2.0583E-02 2.1234E-02 2.2135E-02 2.3255E-02 2.3790E-02 2.5019E-02 2.6325E-02 2.7820E-02 2.9693E-02 3.0427E-02 3.2496E-02 3.4104E-02 3.5107E-02 3.5962E-02 3.6727E-02 3.8732E-02 4.0881E-02 4.2690E-02 4.4130E-02 4.3085E-02 4.4920E-02 4.7118E-02 4.9713E-02 5.2963E-02 5.4896E-02 5.7719E-02 5.8795E-02 5.8788E-02 5.8147E-02 5.5725E-02 5.4358E-02 5.3127E-02 5.2171E-02
7.0385E-03 8.5817E-03 9.6624E-03 1.0788E-02 1.1357E-02 1.1849E-02 1.2300E-02 1.2730E-02 1.3256E-02 1.3683E-02 1.4183E-02 1.4744E-02 1.5328E-02 1.5418E-02 1.6016E-02 1.6604E-02 1.7258E-02 1.7968E-02 1.8383E-02 1.9194E-02 1.9943E-02 2.0610E-02 2.1258E-02 2.1807E-02 2.2433E-02 2.3077E-02 2.3817E-02 2.4687E-02 2.4922E-02 2.6064E-02 2.7381E-02 2.8841E-02 3.0546E-02 3.1021E-02 3.3036E-02 3.4961E-02 3.6569E-02 3.7968E-02 3.8781E-02 4.0699E-02 4.3203E-02 4.6018E-02 4.8708E-02 4.7915E-02 4.9591E-02 5.1409E-02 5.3966E-02 5.7652E-02 6.0085E-02 6.3654E-02 6.5161E-02 6.5227E-02 6.4550E-02 6.1904E-02 6.0727E-02 5.9502E-02 5.8367E-02
7.4677E-03 9.1311E-03 1.0272E-02 1.1430E-02 1.2024E-02 1.2576E-02 1.3113E-02 1.3613E-02 1.4189E-02 1.4680E-02 1.5256E-02 1.5861E-02 1.6459E-02 1.6443E-02 1.6980E-02 1.7546E-02 1.8193E-02 1.8882E-02 1.9249E-02 2.0044E-02 2.0858E-02 2.1677E-02 2.2535E-02 2.3295E-02 2.4155E-02 2.4993E-02 2.5797E-02 2.6591E-02 2.6506E-02 2.7451E-02 2.8632E-02 3.0029E-02 3.1673E-02 3.2005E-02 3.3929E-02 3.5892E-02 3.7911E-02 3.9964E-02 4.1184E-02 4.3194E-02 4.5832E-02 4.9396E-02 5.3379E-02 5.3273E-02 5.5312E-02 5.6870E-02 5.9310E-02 6.3506E-02 6.6473E-02 7.0933E-02 7.2965E-02 7.3125E-02 7.2362E-02 6.9529E-02 6.8528E-02 6.7246E-02 6.5807E-02
8.1272E-03 9.9939E-03 1.1261E-02 1.2516E-02 1.3117E-02 1.3664E-02 1.4248E-02 1.4848E-02 1.5570E-02 1.6223E-02 1.6888E-02 1.7489E-02 1.8075E-02 1.8001E-02 1.8523E-02 1.9064E-02 1.9691E-02 2.0342E-02 2.0629E-02 2.1381E-02 2.2207E-02 2.3105E-02 2.4080E-02 2.4959E-02 2.5962E-02 2.7056E-02 2.8136E-02 2.9133E-02 2.8948E-02 2.9766E-02 3.0787E-02 3.2142E-02 3.3863E-02 3.4042E-02 3.5737E-02 3.7439E-02 3.9487E-02 4.1929E-02 4.3673E-02 4.6290E-02 4.9408E-02 5.3417E-02 5.8228E-02 5.8897E-02 6.1994E-02 6.3923E-02 6.6350E-02 7.0992E-02 7.4446E-02 7.9887E-02 8.2552E-02 8.2953E-02 8.2229E-02 7.9135E-02 7.8126E-02 7.6670E-02 7.4747E-02
7.2584E-03 8.8196E-03 9.9498E-03 1.0883E-02 1.1379E-02 1.1808E-02 1.2269E-02 1.2749E-02 1.3401E-02 1.3944E-02 1.4483E-02 1.5017E-02 1.5571E-02 1.6087E-02 1.6628E-02 1.7155E-02 1.7713E-02 1.8285E-02 1.8711E-02 1.9342E-02 2.0063E-02 2.0842E-02 2.1649E-02 2.2366E-02 2.3229E-02 2.4182E-02 2.5126E-02 2.6010E-02 2.7570E-02 2.8278E-02 2.9172E-02 3.0367E-02 3.1928E-02 3.2929E-02 3.4314E-02 3.5526E-02 3.7034E-02 3.9061E-02 4.2515E-02 4.5361E-02 4.8760E-02 5.2820E-02 5.7614E-02 6.2604E-02 6.7081E-02 7.0182E-02 7.2937E-02 7.7699E-02 8.3929E-02 9.0611E-02 9.4299E-02 9.5205E-02 9.4690E-02 8.9575E-02 8.8364E-02 8.6546E-02 8.4001E-02
7.6731E-03 9.3727E-03 1.0607E-02 1.1615E-02 1.2151E-02 1.2622E-02 1.3124E-02 1.3640E-02 1.4323E-02 1.4884E-02 1.5472E-02 1.6113E-02 1.6806E-02 1.7461E-02 1.8154E-02 1.8826E-02 1.9485E-02 2.0136E-02 2.0552E-02 2.1169E-02 2.1929E-02 2.2764E-02 2.3610E-02 2.4376E-02 2.5315E-02 2.6299E-02 2.7241E-02 2.8104E-02 2.9719E-02 3.0483E-02 3.1515E-02 3.2827E-02 3.4445E-02 3.5492E-02 3.7098E-02 3.8409E-02 3.9833E-02 4.1728E-02 4.5258E-02 4.8328E-02 5.2143E-02 5.6707E-02 6.2104E-02 6.7923E-02 7.3983E-02 7.9196E-02 8.3518E-02 8.8887E-02 9.5818E-02 1.0437E-01 1.0970E-01 1.1128E-01 1.1120E-01 1.0499E-01 1.0339E-01 1.0089E-01 9.7537E-02
8.0821E-03 9.8813E-03 1.1152E-02 1.2182E-02 1.2733E-02 1.3217E-02 1.3702E-02 1.4178E-02 1.4820E-02 1.5336E-02 1.5920E-02 1.6594E-02 1.7367E-02 1.8145E-02 1.9018E-02 1.9891E-02 2.0732E-02 2.1557E-02 2.2074E-02 2.2762E-02 2.3555E-02 2.4423E-02 2.5342E-02 2.6238E-02 2.7350E-02 2.8424E-02 2.9342E-02 3.0110E-02 3.1761E-02 3.2492E-02 3.3566E-02 3.4998E-02 3.6699E-02 3.7846E-02 3.9758E-02 4.1447E-02 4.3109E-02 4.4980E-02 4.8496E-02 5.1573E-02 5.5656E-02 6.0589E-02 6.6526E-02 7.3188E-02 8.0639E-02 8.8218E-02 9.5593E-02 1.0306E-01 1.1104E-01 1.2160E-01 1.2924E-01 1.3191E-01 1.3251E-01 1.2489E-01 1.2250E-01 1.1913E-01 1.1498E-01
8.6002E-03 1.0526E-02 1.1815E-02 1.2850E-02 1.3385E-02 1.3830E-02 1.4249E-02 1.4643E-02 1.5239E-02 1.5727E-02 1.6302E-02 1.6958E-02 1.7723E-02 1.8500E-02 1.9394E-02 2.0341E-02 2.1266E-02 2.2190E-02 2.2864E-02 2.3749E-02 2.4673E-02 2.5625E-02 2.6678E-02 2.7754E-02 2.9077E-02 3.0346E-02 3.1413E-02 3.2269E-02 3.4060E-02 3.4798E-02 3.5891E-02 3.7379E-02 3.9149E-02 4.0340E-02 4.2545E-02 4.4741E-02 4.6877E-02 4.9055E-02 5.2844E-02 5.5888E-02 6.0034E-02 6.5318E-02 7.1924E-02 7.9549E-02 8.8411E-02 9.8191E-02 1.0910E-01 1.2083E-01 1.3164E-01 1.4449E-01 1.5548E-01 1.6046E-01 1.6176E-01 1.5200E-01 1.4841E-01 1.4380E-01 1.3834E-01
9.0637E-03 1.1138E-02 1.2512E-02 1.3620E-02 1.4186E-02 1.4615E-02 1.4998E-02 1.5351E-02 1.5941E-02 1.6444E-02 1.7054E-02 1.7711E-02 1.8441E-02 1.9159E-02 1.9979E-02 2.0886E-02 2.1804E-02 2.2691E-02 2.3349E-02 2.4332E-02 2.5400E-02 2.6510E-02 2.7718E-02 2.8885E-02 3.0303E-02 3.1782E-02 3.3135E-02 3.4271E-02 3.6414E-02 3.7397E-02 3.8666E-02 4.0242E-02 4.2127E-02 4.3400E-02 4.5845E-02 4.8393E-02 5.0976E-02 5.3728E-02 5.8419E-02 6.2085E-02 6.6595E-02 7.2300E-02 7.9522E-02 8.8090E-02 9.8792E-02 1.1134E-01 1.2611E-01 1.4329E-01 1.5984E-01 1.7780E-01 1.9435E-01 2.0418E-01 2.0593E-01 1.9202E-01 1.8692E-01 1.8003E-01 1.7112E-01
8.9484E-03 1.0974E-02 1.2370E-02 1.3290E-02 1.3894E-02 1.4368E-02 1.4798E-02 1.5186E-02 1.5677E-02 1.6165E-02 1.6750E-02 1.7361E-02 1.8014E-02 1.8943E-02 1.9679E-02 2.0488E-02 2.1322E-02 2.2088E-02 2.3399E-02 2.4279E-02 2.5314E-02 2.6440E-02 2.7626E-02 2.8639E-02 3.0026E-02 3.1620E-02 3.3213E-02 3.4618E-02 3.6668E-02 3.8076E-02 3.9641E-02 4.1364E-02 4.3284E-02 4.5023E-02 4.7565E-02 5.0246E-02 5.2991E-02 5.6037E-02 6.0095E-02 6.4534E-02 6.9745E-02 7.6015E-02 8.3570E-02 9.0482E-02 1.0116E-01 1.1458E-01 1.3138E-01 1.5098E-01 1.7686E-01 2.0231E-01 2.2542E-01 2.4198E-01 2.4757E-01 2.3306E-01 2.2652E-01 2.1656E-01 2.0102E-01
9.1960E-03 1.1295E-02 1.2780E-02 1.3787E-02 1.4480E-02 1.5057E-02 1.5602E-02 1.6090E-02 1.6651E-02 1.7155E-02 1.7742E-02 1.8382E-02 1.9064E-02 2.0005E-02 2.0732E-02 2.1565E-02 2.2421E-02 2.3165E-02 2.4441E-02 2.5282E-02 2.6268E-02 2.7328E-02 2.8424E-02 2.9377E-02 3.0777E-02 3.2449E-02 3.4251E-02 3.5898E-02 3.8306E-02 4.0169E-02 4.2218E-02 4.4401E-02 4.6698E-02 4.8651E-02 5.1479E-02 5.4569E-02 5.7798E-02 6.1405E-02 6.6255E-02 7.1715E-02 7.8153E-02 8.5824E-02 9.5077E-02 1.0327E-01 1.1536E-01 1.3075E-01 1.5136E-01 1.7679E-01 2.1198E-01 2.5256E-01 2.9446E-01 3.2638E-01 3.4054E-01 3.1957E-01 3.0795E-01 2.8501E-01 2.5288E-01
9.4529E-03 1.1632E-02 1.3194E-02 1.4268E-02 1.5026E-02 1.5672E-02 1.6303E-02 1.6865E-02 1.7501E-02 1.8062E-02 1.8707E-02 1.9424E-02 2.0171E-02 2.1153E-02 2.1863E-02 2.2670E-02 2.3505E-02 2.4244E-02 2.5601E-02 2.6525E-02 2.7539E-02 2.8574E-02 2.9654E-02 3.0576E-02 3.1882E-02 3.3443E-02 3.5256E-02 3.7044E-02 3.9610E-02 4.1663E-02 4.4033E-02 4.6637E-02 4.9419E-02 5.1778E-02 5.5001E-02 5.8580E-02 6.2490E-02 6.6933E-02 7.2825E-02 7.9507E-02 8.7506E-02 9.7042E-02 1.0850E-01 1.1878E-01 1.3349E-01 1.5143E-01 1.7487E-01 2.0606E-01 2.5239E-01 3.1069E-01 3.8284E-01 4.5643E-01 4.9933E-01 4.6350E-01 4.2860E-01 3.6960E-01 3.0719E-01
9.8044E-03 1.2084E-02 1.3711E-02 1.4815E-02 1.5598E-02 1.6283E-02 1.6974E-02 1.7597E-02 1.8322E-02 1.8998E-02 1.9752E-02 2.0534E-02 2.1340E-02 2.2383E-02 2.3101E-02 2.3852E-02 2.4633E-02 2.5383E-02 2.6883E-02 2.7958E-02 2.9125E-02 3.0282E-02 3.1462E-02 3.2416E-02 3.3682E-02 3.5149E-02 3.6877E-02 3.8747E-02 4.1490E-02 4.3617E-02 4.6088E-02 4.8911E-02 5.2096E-02 5.4926E-02 5.8681E-02 6.2878E-02 6.7614E-02 7.3039E-02 8.0100E-02 8.8128E-02 9.7890E-02 1.0978E-01 1.2430E-01 1.3766E-01 1.5656E-01 1.7978E-01 2.0933E-01 2.4882E-01 3.0925E-01 3.9030E-01 5.0425E-01 6.7115E-01 8.3296E-01 7.5231E-01 5.9665E-01 4.5011E-01 3.4975E-01
1.0289E-02 1.2688E-02 1.4366E-02 1.5490E-02 1.6300E-02 1.7040E-02 1.7780E-02 1.8482E-02 1.9312E-02 2.0080E-02 2.0880E-02 2.1662E-02 2.2478E-02 2.3580E-02 2.4383E-02 2.5174E-02 2.5985E-02 2.6823E-02 2.8484E-02 2.9662E-02 3.0992E-02 3.2370E-02 3.3727E-02 3.4835E-02 3.6283E-02 3.7844E-02 3.9562E-02 4.1490E-02 4.4460E-02 4.6720E-02 4.9275E-02 5.2270E-02 5.5851E-02 5.9185E-02 6.3697E-02 6.8823E-02 7.4605E-02 8.1170E-02 8.9480E-02 9.8846E-02 1.1039E-01 1.2483E-01 1.4288E-01 1.6063E-01 1.8661E-01 2.1941E-01 2.6265E-01 3.2259E-01 4.1593E-01 5.4792E-01 7.5548E-01 1.1604E+00 1.8439E+00 1.3470E+00 7.6147E-01 4.9308E-01 3.6716E-01
1.0449E-02 1.2893E-02 1.4608E-02 1.5745E-02 1.6621E-02 1.7415E-02 1.8169E-02 1.8884E-02 1.9844E-02 2.0641E-02 2.1429E-02 2.2180E-02 2.2954E-02 2.3928E-02 2.4774E-02 2.5645E-02 2.6559E-02 2.7509E-02 2.9051E-02 3.0243E-02 3.1620E-02 3.3107E-02 3.4586E-02 3.6286E-02 3.7879E-02 3.9570E-02 4.1383E-02 4.3367E-02 4.5554E-02 4.7946E-02 5.0676E-02 5.3833E-02 5.7519E-02 6.1892E-02 6.6721E-02 7.2359E-02 7.8824E-02 8.6173E-02 9.5138E-02 1.0551E-01 1.1843E-01 1.3481E-01 1.5554E-01 1.7632E-01 2.0952E-01 2.5251E-01 3.1218E-01 4.0125E-01 5.0082E-01 6.8360E-01 9.8303E-01 1.5777E+00 2.0475E+00 1.2963E+00 6.4918E-01 4.2288E-01 3.1835E-01
1.0845E-02 1.3452E-02 1.5320E-02 1.6591E-02 1.7577E-02 1.8445E-02 1.9254E-02 2.0011E-02 2.1016E-02 2.1869E-02 2.2713E-02 2.3512E-02 2.4317E-02 2.5348E-02 2.6298E-02 2.7341E-02 2.8432E-02 2.9500E-02 3.1162E-02 3.2449E-02 3.3938E-02 3.5524E-02 3.7146E-02 3.9076E-02 4.0921E-02 4.2936E-02 4.5112E-02 4.7445E-02 4.9980E-02 5.2750E-02 5.5972E-02 5.9664E-02 6.3831E-02 6.8622E-02 7.3921E-02 8.0306E-02 8.7939E-02 9.6965E-02 1.0816E-01 1.2122E-01 1.3755E-01 1.5854E-01 1.8566E-01 2.1316E-01 2.5723E-01 3.1556E-01 3.9759E-01 5.2376E-01 6.7407E-01 9.5989E-01 1.3794E+00 1.7721E+00 1.6926E+00 1.0503E+00 5.6835E-01 3.7928E-01 2.8757E-01
