inst/extdata/annuale_tv1a_esri.grd
ncols       101
nrows       101
xllcorner      7.356090000E+05
yllcorner      5.071016000E+06
cellsize      5.000000000E+01
nodata_value         -9
[rows 50 to 74 of 101, columns 0 to 56 of 101]
1.1146E-02 1.3893E-02 1.5922E-02 1.7318E-02 1.8356E-02 1.9235E-02 2.0083E-02 2.0907E-02 2.1989E-02 2.2926E-02 2.3869E-02 2.4789E-02 2.5714E-02 2.6882E-02 2.7967E-02 2.9158E-02 3.0384E-02 3.1506E-02 3.3236E-02 3.4578E-02 3.6093E-02 3.7690E-02 3.9411E-02 4.1537E-02 4.3605E-02 4.5912E-02 4.8413E-02 5.1100E-02 5.4028E-02 5.7275E-02 6.0988E-02 6.5182E-02 6.9985E-02 7.5702E-02 8.2112E-02 8.9845E-02 9.9243E-02 1.1042E-01 1.2427E-01 1.4053E-01 1.6090E-01 1.8702E-01 2.2067E-01 2.5465E-01 3.0914E-01 3.8310E-01 4.9037E-01 6.6386E-01 8.8121E-01 1.2067E+00 1.4279E+00 1.3648E+00 1.0716E+00 7.5192E-01 4.9236E-01 3.4046E-01 2.5610E-01
1.1453E-02 1.4316E-02 1.6450E-02 1.7900E-02 1.8915E-02 1.9740E-02 2.0567E-02 2.1453E-02 2.2662E-02 2.3736E-02 2.4841E-02 2.5962E-02 2.7062E-02 2.8380E-02 2.9562E-02 3.0810E-02 3.2103E-02 3.3320E-02 3.5178E-02 3.6522E-02 3.7993E-02 3.9630E-02 4.1532E-02 4.3866E-02 4.6128E-02 4.8599E-02 5.1300E-02 5.4331E-02 5.7753E-02 6.1657E-02 6.6055E-02 7.1120E-02 7.7098E-02 8.4462E-02 9.2654E-02 1.0233E-01 1.1374E-01 1.2708E-01 1.4348E-01 1.6273E-01 1.8683E-01 2.1756E-01 2.5769E-01 2.9968E-01 3.6840E-01 4.6336E-01 5.9989E-01 8.0644E-01 9.9034E-01 1.1546E+00 1.1469E+00 9.6685E-01 7.6186E-01 5.7912E-01 4.2252E-01 3.0889E-01 2.3451E-01
1.1822E-02 1.4768E-02 1.6955E-02 1.8435E-02 1.9411E-02 2.0184E-02 2.1004E-02 2.1973E-02 2.3297E-02 2.4497E-02 2.5766E-02 2.7063E-02 2.8309E-02 2.9753E-02 3.1024E-02 3.2355E-02 3.3716E-02 3.5054E-02 3.7088E-02 3.8541E-02 4.0174E-02 4.2041E-02 4.4229E-02 4.6904E-02 4.9509E-02 5.2230E-02 5.5279E-02 5.8960E-02 6.3209E-02 6.8086E-02 7.3561E-02 7.9950E-02 8.7350E-02 9.6186E-02 1.0588E-01 1.1705E-01 1.2987E-01 1.4510E-01 1.6436E-01 1.8734E-01 2.1640E-01 2.5354E-01 3.0240E-01 3.5369E-01 4.3776E-01 5.5012E-01 6.9148E-01 8.5723E-01 9.2441E-01 9.4559E-01 8.4972E-01 7.0056E-01 5.7374E-01 4.6006E-01 3.6025E-01 2.8148E-01 2.1985E-01
1.2243E-02 1.5261E-02 1.7459E-02 1.8443E-02 1.9403E-02 2.0197E-02 2.1064E-02 2.2087E-02 2.3186E-02 2.4437E-02 2.5721E-02 2.7011E-02 2.8280E-02 2.9725E-02 3.1086E-02 3.2532E-02 3.3973E-02 3.5357E-02 3.7723E-02 3.9397E-02 4.1316E-02 4.3480E-02 4.5936E-02 4.8196E-02 5.1057E-02 5.4080E-02 5.7545E-02 6.1766E-02 6.6160E-02 7.1506E-02 7.7350E-02 8.3865E-02 9.1017E-02 9.9767E-02 1.0904E-01 1.1992E-01 1.3285E-01 1.4894E-01 1.7058E-01 1.9530E-01 2.2607E-01 2.6480E-01 3.1304E-01 3.8755E-01 4.7128E-01 5.7234E-01 6.7504E-01 7.6140E-01 7.6034E-01 7.1475E-01 6.2160E-01 5.2378E-01 4.4484E-01 3.4753E-01 2.8851E-01 2.3774E-01 1.9365E-01
1.2667E-02 1.5783E-02 1.7986E-02 1.8949E-02 1.9990E-02 2.0902E-02 2.1865E-02 2.2975E-02 2.4178E-02 2.5540E-02 2.6896E-02 2.8242E-02 2.9622E-02 3.1246E-02 3.2830E-02 3.4565E-02 3.6268E-02 3.7895E-02 4.0713E-02 4.2854E-02 4.5242E-02 4.7883E-02 5.0790E-02 5.3468E-02 5.6781E-02 6.0279E-02 6.4273E-02 6.9045E-02 7.3957E-02 7.9857E-02 8.6100E-02 9.2758E-02 9.9981E-02 1.0927E-01 1.1966E-01 1.3256E-01 1.4833E-01 1.6761E-01 1.9274E-01 2.2066E-01 2.5484E-01 2.9701E-01 3.4713E-01 4.2069E-01 4.9396E-01 5.7038E-01 6.2876E-01 6.5973E-01 6.2377E-01 5.6594E-01 4.9352E-01 4.2411E-01 3.7021E-01 2.9760E-01 2.5444E-01 2.1724E-01 1.8382E-01
1.3081E-02 1.6295E-02 1.8558E-02 1.9581E-02 2.0767E-02 2.1833E-02 2.2940E-02 2.4231E-02 2.5588E-02 2.7076E-02 2.8565E-02 3.0051E-02 3.1585E-02 3.3371E-02 3.5071E-02 3.6957E-02 3.8912E-02 4.0899E-02 4.4295E-02 4.6885E-02 4.9647E-02 5.2592E-02 5.5750E-02 5.8556E-02 6.2076E-02 6.5791E-02 6.9984E-02 7.4928E-02 7.9973E-02 8.6057E-02 9.2610E-02 9.9721E-02 1.0781E-01 1.1870E-01 1.3128E-01 1.4675E-01 1.6500E-01 1.8604E-01 2.1256E-01 2.4182E-01 2.7755E-01 3.2027E-01 3.6748E-01 4.3254E-01 4.8574E-01 5.2917E-01 5.4951E-01 5.5340E-01 5.0916E-01 4.5859E-01 4.0426E-01 3.5339E-01 3.1560E-01 2.5792E-01 2.2420E-01 1.9579E-01 1.7057E-01
1.3606E-02 1.6996E-02 1.9467E-02 2.0679E-02 2.2070E-02 2.3340E-02 2.4644E-02 2.6141E-02 2.7671E-02 2.9259E-02 3.0877E-02 3.2541E-02 3.4211E-02 3.6104E-02 3.7868E-02 3.9847E-02 4.2019E-02 4.4297E-02 4.8022E-02 5.0747E-02 5.3603E-02 5.6523E-02 5.9606E-02 6.2285E-02 6.5778E-02 6.9535E-02 7.3956E-02 7.9278E-02 8.4824E-02 9.1591E-02 9.9161E-02 1.0776E-01 1.1768E-01 1.3060E-01 1.4489E-01 1.6156E-01 1.8053E-01 2.0201E-01 2.2931E-01 2.5925E-01 2.9448E-01 3.3411E-01 3.7386E-01 4.2455E-01 4.5388E-01 4.6855E-01 4.6969E-01 4.6529E-01 4.2343E-01 3.8455E-01 3.4180E-01 3.0388E-01 2.7600E-01 2.2768E-01 1.9931E-01 1.7685E-01 1.5738E-01
1.4366E-02 1.8084E-02 2.0870E-02 2.2303E-02 2.3931E-02 2.5437E-02 2.6932E-02 2.8562E-02 3.0238E-02 3.1973E-02 3.3761E-02 3.5594E-02 3.7384E-02 3.9378E-02 4.1237E-02 4.3317E-02 4.5579E-02 4.7850E-02 5.1496E-02 5.3945E-02 5.6626E-02 5.9371E-02 6.2340E-02 6.5023E-02 6.8747E-02 7.3030E-02 7.8186E-02 8.4318E-02 9.0897E-02 9.8961E-02 1.0792E-01 1.1809E-01 1.2954E-01 1.4376E-01 1.5874E-01 1.7587E-01 1.9545E-01 2.1757E-01 2.4506E-01 2.7379E-01 3.0577E-01 3.3959E-01 3.6998E-01 4.0405E-01 4.1358E-01 4.1445E-01 4.0966E-01 4.0170E-01 3.6656E-01 3.3496E-01 2.9914E-01 2.7056E-01 2.4691E-01 2.0549E-01 1.8038E-01 1.6193E-01 1.4623E-01
1.4894E-02 1.8840E-02 2.1867E-02 2.2696E-02 2.4481E-02 2.6114E-02 2.7726E-02 2.9401E-02 3.1001E-02 3.2807E-02 3.4641E-02 3.6456E-02 3.8212E-02 3.9911E-02 4.1591E-02 4.3379E-02 4.5271E-02 4.7024E-02 5.0664E-02 5.2599E-02 5.5000E-02 5.7671E-02 6.0750E-02 6.5234E-02 6.9569E-02 7.4568E-02 8.0258E-02 8.6749E-02 9.4012E-02 1.0261E-01 1.1194E-01 1.2228E-01 1.3377E-01 1.4538E-01 1.5968E-01 1.7622E-01 1.9502E-01 2.1497E-01 2.4649E-01 2.7006E-01 2.9551E-01 3.1994E-01 3.3737E-01 3.3515E-01 3.3566E-01 3.3297E-01 3.2624E-01 3.1636E-01 3.0616E-01 2.8033E-01 2.5202E-01 2.3098E-01 2.1130E-01 1.8253E-01 1.6181E-01 1.4615E-01 1.3319E-01
1.5641E-02 1.9882E-02 2.3197E-02 2.4175E-02 2.6209E-02 2.8065E-02 2.9889E-02 3.1759E-02 3.3484E-02 3.5378E-02 3.7214E-02 3.8998E-02 4.0746E-02 4.2410E-02 4.3965E-02 4.5491E-02 4.7099E-02 4.8662E-02 5.2218E-02 5.4267E-02 5.7087E-02 6.0484E-02 6.4429E-02 6.9882E-02 7.5093E-02 8.0830E-02 8.6990E-02 9.3836E-02 1.0147E-01 1.1053E-01 1.2030E-01 1.3114E-01 1.4317E-01 1.5533E-01 1.7068E-01 1.8835E-01 2.0715E-01 2.2530E-01 2.5389E-01 2.7337E-01 2.9264E-01 3.0650E-01 3.1245E-01 3.0494E-01 3.0374E-01 2.9945E-01 2.9204E-01 2.8299E-01 2.7324E-01 2.4973E-01 2.2622E-01 2.0882E-01 1.9133E-01 1.6777E-01 1.5068E-01 1.3650E-01 1.2523E-01
1.6458E-02 2.1006E-02 2.4552E-02 2.5624E-02 2.7876E-02 2.9878E-02 3.1793E-02 3.3782E-02 3.5554E-02 3.7343E-02 3.8949E-02 4.0504E-02 4.2085E-02 4.3615E-02 4.5113E-02 4.6608E-02 4.8238E-02 5.0078E-02 5.4239E-02 5.6982E-02 6.0522E-02 6.4773E-02 6.9489E-02 7.5568E-02 8.1110E-02 8.7113E-02 9.3550E-02 1.0071E-01 1.0851E-01 1.1761E-01 1.2756E-01 1.3877E-01 1.5134E-01 1.6403E-01 1.7987E-01 1.9692E-01 2.1370E-01 2.2935E-01 2.5500E-01 2.6868E-01 2.7860E-01 2.8219E-01 2.8148E-01 2.7336E-01 2.7147E-01 2.6609E-01 2.5945E-01 2.5256E-01 2.4325E-01 2.2216E-01 2.0346E-01 1.8871E-01 1.7294E-01 1.5404E-01 1.4036E-01 1.2744E-01 1.1776E-01
1.7531E-02 2.2454E-02 2.6208E-02 2.7258E-02 2.9565E-02 3.1571E-02 3.3436E-02 3.5314E-02 3.6910E-02 3.8473E-02 3.9861E-02 4.1268E-02 4.2800E-02 4.4426E-02 4.6202E-02 4.8152E-02 5.0357E-02 5.2873E-02 5.7956E-02 6.1373E-02 6.5344E-02 6.9995E-02 7.5086E-02 8.1498E-02 8.7160E-02 9.3215E-02 9.9768E-02 1.0723E-01 1.1521E-01 1.2434E-01 1.3449E-01 1.4614E-01 1.5930E-01 1.7193E-01 1.8645E-01 2.0080E-01 2.1512E-01 2.2871E-01 2.5009E-01 2.5624E-01 2.5769E-01 2.5589E-01 2.5395E-01 2.4636E-01 2.4312E-01 2.3765E-01 2.3302E-01 2.2746E-01 2.1792E-01 1.9998E-01 1.8538E-01 1.7223E-01 1.5810E-01 1.4263E-01 1.3156E-01 1.1981E-01 1.1122E-01
1.8911E-02 2.4260E-02 2.8197E-02 2.9032E-02 3.1132E-02 3.2936E-02 3.4632E-02 3.6298E-02 3.7699E-02 3.9208E-02 4.0704E-02 4.2289E-02 4.4099E-02 4.6123E-02 4.8409E-02 5.1045E-02 5.3943E-02 5.6967E-02 6.2650E-02 6.6371E-02 7.0632E-02 7.5522E-02 8.0777E-02 8.7380E-02 9.3139E-02 9.9259E-02 1.0588E-01 1.1359E-01 1.2190E-01 1.3133E-01 1.4188E-01 1.5401E-01 1.6688E-01 1.7753E-01 1.8928E-01 2.0137E-01 2.1376E-01 2.2421E-01 2.3977E-01 2.4000E-01 2.3730E-01 2.3462E-01 2.3285E-01 2.2466E-01 2.2016E-01 2.1587E-01 2.1335E-01 2.0820E-01 1.9835E-01 1.8327E-01 1.7168E-01 1.5973E-01 1.4719E-01 1.3360E-01 1.2405E-01 1.1357E-01 1.0535E-01
1.8799E-02 2.3916E-02 2.7578E-02 2.9554E-02 3.1386E-02 3.2971E-02 3.4581E-02 3.6222E-02 3.7463E-02 3.9136E-02 4.0933E-02 4.2881E-02 4.5089E-02 4.8306E-02 5.0936E-02 5.3850E-02 5.6908E-02 5.9993E-02 6.4453E-02 6.8195E-02 7.2605E-02 7.7468E-02 8.2407E-02 8.9564E-02 9.5033E-02 1.0107E-01 1.0765E-01 1.1511E-01 1.2367E-01 1.3331E-01 1.4393E-01 1.5497E-01 1.6518E-01 1.7795E-01 1.8749E-01 1.9797E-01 2.0733E-01 2.1344E-01 2.1384E-01 2.1161E-01 2.0858E-01 2.0639E-01 2.0371E-01 1.9765E-01 1.9324E-01 1.9088E-01 1.8949E-01 1.8397E-01 1.6940E-01 1.5829E-01 1.4957E-01 1.3945E-01 1.2811E-01 1.2332E-01 1.1476E-01 1.0596E-01 9.8116E-02
1.9527E-02 2.4723E-02 2.8329E-02 3.0246E-02 3.2122E-02 3.3836E-02 3.5675E-02 3.7598E-02 3.9145E-02 4.1142E-02 4.3295E-02 4.5650E-02 4.8192E-02 5.1714E-02 5.4470E-02 5.7390E-02 6.0431E-02 6.3639E-02 6.8469E-02 7.2566E-02 7.7296E-02 8.2199E-02 8.6859E-02 9.3882E-02 9.9419E-02 1.0572E-01 1.1262E-01 1.2032E-01 1.2911E-01 1.3886E-01 1.4891E-01 1.5816E-01 1.6622E-01 1.7748E-01 1.8555E-01 1.9335E-01 1.9901E-01 2.0154E-01 1.9971E-01 1.9736E-01 1.9515E-01 1.9213E-01 1.8769E-01 1.8128E-01 1.7797E-01 1.7712E-01 1.7563E-01 1.6915E-01 1.5657E-01 1.4840E-01 1.4122E-01 1.3165E-01 1.2022E-01 1.1435E-01 1.0654E-01 9.9237E-02 9.2028E-02
1.9774E-02 2.5042E-02 2.8799E-02 3.0969E-02 3.3204E-02 3.5295E-02 3.7421E-02 3.9620E-02 4.1467E-02 4.3721E-02 4.5999E-02 4.8438E-02 5.1039E-02 5.4660E-02 5.7421E-02 6.0424E-02 6.3708E-02 6.7284E-02 7.2554E-02 7.6835E-02 8.1455E-02 8.6104E-02 9.0564E-02 9.7682E-02 1.0339E-01 1.0994E-01 1.1720E-01 1.2525E-01 1.3389E-01 1.4242E-01 1.5052E-01 1.5811E-01 1.6527E-01 1.7553E-01 1.8114E-01 1.8541E-01 1.8781E-01 1.8780E-01 1.8537E-01 1.8385E-01 1.8163E-01 1.7730E-01 1.7203E-01 1.6631E-01 1.6463E-01 1.6437E-01 1.6156E-01 1.5458E-01 1.4437E-01 1.3868E-01 1.3257E-01 1.2337E-01 1.1241E-01 1.0651E-01 9.9488E-02 9.3354E-02 8.6959E-02
2.0068E-02 2.5662E-02 2.9894E-02 3.2512E-02 3.5152E-02 3.7558E-02 3.9820E-02 4.2092E-02 4.4026E-02 4.6389E-02 4.8625E-02 5.0938E-02 5.3462E-02 5.7190E-02 6.0185E-02 6.3593E-02 6.7314E-02 7.1210E-02 7.6659E-02 8.0852E-02 8.5301E-02 8.9911E-02 9.4485E-02 1.0182E-01 1.0763E-01 1.1441E-01 1.2182E-01 1.2941E-01 1.3675E-01 1.4357E-01 1.5023E-01 1.5707E-01 1.6327E-01 1.7144E-01 1.7430E-01 1.7563E-01 1.7555E-01 1.7494E-01 1.7350E-01 1.7198E-01 1.6843E-01 1.6336E-01 1.5837E-01 1.5402E-01 1.5384E-01 1.5326E-01 1.4879E-01 1.4196E-01 1.3401E-01 1.2986E-01 1.2410E-01 1.1529E-01 1.0502E-01 9.9489E-02 9.3465E-02 8.8491E-02 8.2997E-02
2.1102E-02 2.7306E-02 3.2067E-02 3.4967E-02 3.7761E-02 4.0240E-02 4.2497E-02 4.4658E-02 4.6352E-02 4.8565E-02 5.0743E-02 5.3151E-02 5.5926E-02 6.0045E-02 6.3517E-02 6.7374E-02 7.1306E-02 7.5236E-02 8.0760E-02 8.5036E-02 8.9637E-02 9.4391E-02 9.9060E-02 1.0654E-01 1.1237E-01 1.1899E-01 1.2561E-01 1.3191E-01 1.3790E-01 1.4392E-01 1.4993E-01 1.5557E-01 1.5989E-01 1.6586E-01 1.6650E-01 1.6563E-01 1.6468E-01 1.6486E-01 1.6399E-01 1.6146E-01 1.5678E-01 1.5165E-01 1.4746E-01 1.4480E-01 1.4545E-01 1.4382E-01 1.3810E-01 1.3217E-01 1.2631E-01 1.2291E-01 1.1717E-01 1.0881E-01 9.9315E-02 9.4316E-02 8.9117E-02 8.5063E-02 8.0337E-02
2.2113E-02 2.8672E-02 3.3549E-02 3.6202E-02 3.8775E-02 4.0997E-02 4.2995E-02 4.4876E-02 4.7448E-02 4.9515E-02 5.1802E-02 5.4567E-02 5.7865E-02 6.0284E-02 6.3805E-02 6.7428E-02 7.1154E-02 7.4954E-02 8.0883E-02 8.5120E-02 8.9519E-02 9.3882E-02 9.8166E-02 1.0778E-01 1.1286E-01 1.1824E-01 1.2347E-01 1.2863E-01 1.3500E-01 1.4035E-01 1.4479E-01 1.4831E-01 1.5091E-01 1.5246E-01 1.5124E-01 1.4946E-01 1.4906E-01 1.4963E-01 1.4975E-01 1.4607E-01 1.4129E-01 1.3686E-01 1.3426E-01 1.3349E-01 1.3412E-01 1.3122E-01 1.2523E-01 1.2084E-01 1.1462E-01 1.1163E-01 1.0620E-01 9.8724E-02 9.0460E-02 8.3073E-02 7.9138E-02 7.6020E-02 7.2324E-02
2.3905E-02 3.0868E-02 3.5767E-02 3.8201E-02 4.0572E-02 4.2618E-02 4.4527E-02 4.6459E-02 4.9247E-02 5.1591E-02 5.4281E-02 5.7502E-02 6.1157E-02 6.3667E-02 6.7154E-02 7.0802E-02 7.4736E-02 7.8776E-02 8.4865E-02 8.9049E-02 9.3393E-02 9.7766E-02 1.0190E-01 1.1097E-01 1.1499E-01 1.1936E-01 1.2409E-01 1.2906E-01 1.3495E-01 1.3886E-01 1.4136E-01 1.4340E-01 1.4476E-01 1.4482E-01 1.4298E-01 1.4178E-01 1.4188E-01 1.4172E-01 1.4031E-01 1.3605E-01 1.3161E-01 1.2819E-01 1.2752E-01 1.2815E-01 1.2820E-01 1.2409E-01 1.1817E-01 1.1492E-01 1.0979E-01 1.0708E-01 1.0180E-01 9.4630E-02 8.6916E-02 8.0310E-02 7.6933E-02 7.4221E-02 7.0876E-02
2.5140E-02 3.2181E-02 3.6942E-02 3.9268E-02 4.1654E-02 4.3817E-02 4.5983E-02 4.8265E-02 5.1527E-02 5.4320E-02 5.7302E-02 6.0617E-02 6.4166E-02 6.6483E-02 7.0064E-02 7.4051E-02 7.8165E-02 8.2103E-02 8.7964E-02 9.1869E-02 9.6273E-02 1.0070E-01 1.0427E-01 1.1227E-01 1.1540E-01 1.1947E-01 1.2408E-01 1.2843E-01 1.3283E-01 1.3474E-01 1.3589E-01 1.3699E-01 1.3707E-01 1.3640E-01 1.3524E-01 1.3500E-01 1.3482E-01 1.3342E-01 1.3110E-01 1.2682E-01 1.2300E-01 1.2105E-01 1.2204E-01 1.2303E-01 1.2210E-01 1.1722E-01 1.1184E-01 1.0937E-01 1.0475E-01 1.0210E-01 9.7014E-02 9.0163E-02 8.2869E-02 7.6865E-02 7.4008E-02 7.1660E-02 6.8426E-02
2.5648E-02 3.2724E-02 3.7528E-02 4.0062E-02 4.2814E-02 4.5394E-02 4.8024E-02 5.0717E-02 5.4266E-02 5.7217E-02 6.0254E-02 6.3479E-02 6.6920E-02 6.9169E-02 7.2918E-02 7.7038E-02 8.0937E-02 8.4478E-02 9.0235E-02 9.4165E-02 9.8430E-02 1.0238E-01 1.0524E-01 1.1250E-01 1.1538E-01 1.1939E-01 1.2326E-01 1.2602E-01 1.2867E-01 1.2962E-01 1.3007E-01 1.3007E-01 1.2939E-01 1.2908E-01 1.2887E-01 1.2894E-01 1.2800E-01 1.2558E-01 1.2288E-01 1.1893E-01 1.1604E-01 1.1557E-01 1.1755E-01 1.1811E-01 1.1591E-01 1.1050E-01 1.0602E-01 1.0438E-01 9.9958E-02 9.7068E-02 9.2113E-02 8.5540E-02 7.8572E-02 7.3183E-02 7.0817E-02 6.8790E-02 6.5600E-02
2.5904E-02 3.3249E-02 3.8447E-02 4.1426E-02 4.4654E-02 4.7693E-02 5.0661E-02 5.3512E-02 5.7093E-02 5.9961E-02 6.3006E-02 6.6269E-02 6.9766E-02 7.2013E-02 7.5660E-02 7.9361E-02 8.2898E-02 8.6402E-02 9.2374E-02 9.6238E-02 9.9941E-02 1.0322E-01 1.0575E-01 1.1297E-01 1.1567E-01 1.1877E-01 1.2122E-01 1.2272E-01 1.2470E-01 1.2534E-01 1.2505E-01 1.2424E-01 1.2355E-01 1.2380E-01 1.2394E-01 1.2363E-01 1.2186E-01 1.1876E-01 1.1590E-01 1.1264E-01 1.1099E-01 1.1155E-01 1.1370E-01 1.1338E-01 1.0996E-01 1.0436E-01 1.0076E-01 9.9578E-02 9.5163E-02 9.2209E-02 8.7618E-02 8.1425E-02 7.4846E-02 7.0004E-02 6.7996E-02 6.6075E-02 6.2897E-02
2.6051E-02 3.3738E-02 3.9374E-02 4.2887E-02 4.6287E-02 4.9438E-02 5.2413E-02 5.5162E-02 5.7525E-02 6.0292E-02 6.3314E-02 6.6576E-02 6.9874E-02 7.4376E-02 7.7545E-02 8.0791E-02 8.4323E-02 8.8019E-02 9.1276E-02 9.4580E-02 9.7698E-02 1.0058E-01 1.0301E-01 1.0995E-01 1.1167E-01 1.1313E-01 1.1436E-01 1.1555E-01 1.1612E-01 1.1616E-01 1.1532E-01 1.1449E-01 1.1414E-01 1.1450E-01 1.1418E-01 1.1306E-01 1.1087E-01 1.0766E-01 1.0774E-01 1.0523E-01 1.0468E-01 1.0582E-01 1.0735E-01 1.0610E-01 1.0183E-01 9.6736E-02 9.3970E-02 9.2934E-02 9.0328E-02 8.7482E-02 8.3347E-02 7.7662E-02 7.1610E-02 6.5680E-02 6.3969E-02 6.2142E-02 5.9190E-02
2.7254E-02 3.5503E-02 4.1528E-02 4.5176E-02 4.8584E-02 5.1676E-02 5.4590E-02 5.7356E-02 5.9800E-02 6.2725E-02 6.5869E-02 6.9116E-02 7.2157E-02 7.6304E-02 7.9203E-02 8.2473E-02 8.6105E-02 8.9617E-02 9.2453E-02 9.5394E-02 9.8366E-02 1.0121E-01 1.0328E-01 1.0929E-01 1.0983E-01 1.1041E-01 1.1127E-01 1.1236E-01 1.1265E-01 1.1234E-01 1.1156E-01 1.1103E-01 1.1082E-01 1.1089E-01 1.0978E-01 1.0786E-01 1.0546E-01 1.0246E-01 1.0278E-01 1.0099E-01 1.0122E-01 1.0259E-01 1.0312E-01 1.0052E-01 9.5947E-02 9.1588E-02 8.9438E-02 8.8485E-02 8.5908E-02 8.3307E-02 7.9546E-02 7.4339E-02 6.8656E-02 6.3058E-02 6.1456E-02 5.9754E-02 5.7059E-02
