inst/extdata/average_period_conc.grd
ncols       100
nrows       100
xllcorner      7.375160000E+05
yllcorner      5.081320000E+06
cellsize      5.000000000E+01
nodata_value         -9
[rows 25 to 49 of 100, columns 0 to 56 of 100]
5.8547E-04 6.9201E-04 7.8113E-04 8.5304E-04 9.0649E-04 9.4394E-04 9.7097E-04 9.9190E-04 1.0147E-03 1.0438E-03 1.0784E-03 1.1154E-03 1.1508E-03 1.1778E-03 1.1947E-03 1.2085E-03 1.2215E-03 1.2293E-03 1.2318E-03 1.2315E-03 1.2347E-03 1.2457E-03 1.2639E-03 1.2923E-03 1.3321E-03 1.3769E-03 1.4211E-03 1.4608E-03 1.4966E-03 1.5438E-03 1.6190E-03 1.7275E-03 1.8674E-03 1.9903E-03 2.0424E-03 2.0224E-03 1.9807E-03 1.9782E-03 2.0249E-03 2.0898E-03 2.1660E-03 2.2410E-03 2.2946E-03 2.3369E-03 2.4002E-03 2.4421E-03 2.4767E-03 2.5163E-03 2.4887E-03 2.4360E-03 2.4845E-03 2.6041E-03 2.7415E-03 2.8462E-03 2.9396E-03 3.0372E-03 3.0189E-03
6.1135E-04 7.2211E-04 8.1533E-04 8.9234E-04 9.5358E-04 9.9977E-04 1.0326E-03 1.0547E-03 1.0728E-03 1.0939E-03 1.1196E-03 1.1470E-03 1.1744E-03 1.1969E-03 1.2133E-03 1.2264E-03 1.2402E-03 1.2574E-03 1.2779E-03 1.2950E-03 1.3070E-03 1.3146E-03 1.3219E-03 1.3394E-03 1.3727E-03 1.4193E-03 1.4713E-03 1.5224E-03 1.5646E-03 1.6050E-03 1.6643E-03 1.7553E-03 1.8927E-03 2.0521E-03 2.1712E-03 2.2000E-03 2.1583E-03 2.1180E-03 2.1331E-03 2.1959E-03 2.2740E-03 2.3560E-03 2.4315E-03 2.4901E-03 2.5579E-03 2.6140E-03 2.6640E-03 2.7266E-03 2.7142E-03 2.6553E-03 2.6913E-03 2.8091E-03 2.9670E-03 3.1005E-03 3.2256E-03 3.3150E-03 3.2629E-03
6.2403E-04 7.3363E-04 8.2650E-04 9.0535E-04 9.7253E-04 1.0294E-03 1.0763E-03 1.1111E-03 1.1352E-03 1.1546E-03 1.1738E-03 1.1930E-03 1.2118E-03 1.2295E-03 1.2423E-03 1.2509E-03 1.2604E-03 1.2779E-03 1.3071E-03 1.3411E-03 1.3711E-03 1.3880E-03 1.3922E-03 1.3989E-03 1.4184E-03 1.4568E-03 1.5101E-03 1.5709E-03 1.6270E-03 1.6723E-03 1.7231E-03 1.8011E-03 1.9258E-03 2.0976E-03 2.2768E-03 2.3812E-03 2.3730E-03 2.3033E-03 2.2739E-03 2.3223E-03 2.3995E-03 2.4817E-03 2.5786E-03 2.6582E-03 2.7291E-03 2.7971E-03 2.8637E-03 2.9434E-03 2.9520E-03 2.8941E-03 2.9169E-03 3.0367E-03 3.2195E-03 3.3901E-03 3.5491E-03 3.6044E-03 3.5080E-03
6.3975E-04 7.5011E-04 8.4264E-04 9.2113E-04 9.8923E-04 1.0509E-03 1.1096E-03 1.1607E-03 1.2001E-03 1.2281E-03 1.2476E-03 1.2630E-03 1.2763E-03 1.2877E-03 1.2932E-03 1.2958E-03 1.2999E-03 1.3124E-03 1.3391E-03 1.3770E-03 1.4195E-03 1.4538E-03 1.4714E-03 1.4795E-03 1.4887E-03 1.5109E-03 1.5540E-03 1.6131E-03 1.6774E-03 1.7356E-03 1.7918E-03 1.8671E-03 1.9795E-03 2.1414E-03 2.3463E-03 2.5263E-03 2.5995E-03 2.5450E-03 2.4681E-03 2.4715E-03 2.5406E-03 2.6298E-03 2.7404E-03 2.8498E-03 2.9294E-03 3.0076E-03 3.0869E-03 3.1812E-03 3.2049E-03 3.1424E-03 3.1543E-03 3.2754E-03 3.4880E-03 3.6953E-03 3.8751E-03 3.8831E-03 3.7619E-03
6.6095E-04 7.7559E-04 8.7018E-04 9.4754E-04 1.0134E-03 1.0745E-03 1.1364E-03 1.1968E-03 1.2518E-03 1.2963E-03 1.3266E-03 1.3465E-03 1.3596E-03 1.3661E-03 1.3660E-03 1.3632E-03 1.3618E-03 1.3690E-03 1.3895E-03 1.4229E-03 1.4653E-03 1.5097E-03 1.5458E-03 1.5689E-03 1.5817E-03 1.5914E-03 1.6160E-03 1.6629E-03 1.7271E-03 1.7969E-03 1.8687E-03 1.9504E-03 2.0540E-03 2.1992E-03 2.3994E-03 2.6282E-03 2.8011E-03 2.8134E-03 2.7139E-03 2.6552E-03 2.7115E-03 2.8110E-03 2.9207E-03 3.0506E-03 3.1438E-03 3.2362E-03 3.3371E-03 3.4406E-03 3.4760E-03 3.4087E-03 3.4085E-03 3.5361E-03 3.7773E-03 4.0191E-03 4.2024E-03 4.1496E-03 4.0380E-03
6.8188E-04 8.0234E-04 9.0126E-04 9.7933E-04 1.0437E-03 1.1021E-03 1.1611E-03 1.2221E-03 1.2823E-03 1.3380E-03 1.3825E-03 1.4150E-03 1.4372E-03 1.4496E-03 1.4533E-03 1.4499E-03 1.4460E-03 1.4486E-03 1.4618E-03 1.4889E-03 1.5257E-03 1.5677E-03 1.6087E-03 1.6451E-03 1.6735E-03 1.6919E-03 1.7084E-03 1.7405E-03 1.7958E-03 1.8680E-03 1.9500E-03 2.0382E-03 2.1426E-03 2.2772E-03 2.4572E-03 2.6899E-03 2.9229E-03 3.0465E-03 2.9948E-03 2.8868E-03 2.8960E-03 2.9975E-03 3.1084E-03 3.2467E-03 3.3629E-03 3.4787E-03 3.6153E-03 3.7348E-03 3.7761E-03 3.6982E-03 3.6741E-03 3.8045E-03 4.0844E-03 4.3618E-03 4.5314E-03 4.4221E-03 4.3529E-03
6.9666E-04 8.2196E-04 9.2655E-04 1.0088E-03 1.0749E-03 1.1322E-03 1.1877E-03 1.2455E-03 1.3030E-03 1.3590E-03 1.4110E-03 1.4562E-03 1.4932E-03 1.5200E-03 1.5367E-03 1.5471E-03 1.5525E-03 1.5527E-03 1.5581E-03 1.5775E-03 1.6073E-03 1.6433E-03 1.6795E-03 1.7163E-03 1.7553E-03 1.7959E-03 1.8313E-03 1.8617E-03 1.9003E-03 1.9613E-03 2.0432E-03 2.1345E-03 2.2440E-03 2.3757E-03 2.5375E-03 2.7465E-03 2.9860E-03 3.1952E-03 3.2646E-03 3.1847E-03 3.1234E-03 3.1890E-03 3.3055E-03 3.4418E-03 3.5822E-03 3.7312E-03 3.9182E-03 4.0707E-03 4.1191E-03 4.0156E-03 3.9604E-03 4.0977E-03 4.4196E-03 4.7362E-03 4.8734E-03 4.7326E-03 4.7281E-03
7.0979E-04 8.3905E-04 9.4841E-04 1.0361E-03 1.1068E-03 1.1669E-03 1.2219E-03 1.2760E-03 1.3284E-03 1.3801E-03 1.4330E-03 1.4837E-03 1.5307E-03 1.5733E-03 1.6104E-03 1.6417E-03 1.6628E-03 1.6728E-03 1.6805E-03 1.6950E-03 1.7165E-03 1.7452E-03 1.7751E-03 1.8053E-03 1.8427E-03 1.8913E-03 1.9508E-03 2.0086E-03 2.0508E-03 2.0976E-03 2.1658E-03 2.2524E-03 2.3634E-03 2.4947E-03 2.6474E-03 2.8315E-03 3.0463E-03 3.2879E-03 3.4892E-03 3.5245E-03 3.4352E-03 3.4303E-03 3.5387E-03 3.6672E-03 3.8277E-03 4.0098E-03 4.2505E-03 4.4560E-03 4.5219E-03 4.3947E-03 4.3042E-03 4.4507E-03 4.8180E-03 5.1720E-03 5.2616E-03 5.1126E-03 5.1874E-03
7.3132E-04 8.6413E-04 9.7641E-04 1.0676E-03 1.1429E-03 1.2075E-03 1.2647E-03 1.3175E-03 1.3669E-03 1.4138E-03 1.4618E-03 1.5112E-03 1.5616E-03 1.6133E-03 1.6667E-03 1.7189E-03 1.7642E-03 1.7969E-03 1.8205E-03 1.8396E-03 1.8577E-03 1.8781E-03 1.8983E-03 1.9236E-03 1.9550E-03 1.9959E-03 2.0583E-03 2.1397E-03 2.2176E-03 2.2774E-03 2.3348E-03 2.4072E-03 2.5020E-03 2.6230E-03 2.7730E-03 2.9462E-03 3.1433E-03 3.3796E-03 3.6505E-03 3.8398E-03 3.8294E-03 3.7628E-03 3.8251E-03 3.9451E-03 4.1180E-03 4.3373E-03 4.6220E-03 4.8802E-03 4.9818E-03 4.8629E-03 4.7309E-03 4.8772E-03 5.2971E-03 5.6909E-03 5.7258E-03 5.5987E-03 5.7515E-03
7.6271E-04 9.0084E-04 1.0163E-03 1.1114E-03 1.1911E-03 1.2586E-03 1.3164E-03 1.3691E-03 1.4175E-03 1.4611E-03 1.5042E-03 1.5489E-03 1.5968E-03 1.6471E-03 1.7047E-03 1.7713E-03 1.8412E-03 1.9051E-03 1.9559E-03 1.9941E-03 2.0213E-03 2.0381E-03 2.0545E-03 2.0749E-03 2.1007E-03 2.1331E-03 2.1852E-03 2.2591E-03 2.3544E-03 2.4528E-03 2.5387E-03 2.6086E-03 2.6736E-03 2.7676E-03 2.9051E-03 3.0739E-03 3.2697E-03 3.5001E-03 3.7847E-03 4.0927E-03 4.2523E-03 4.1975E-03 4.1735E-03 4.2761E-03 4.4663E-03 4.7319E-03 5.0690E-03 5.3681E-03 5.5039E-03 5.4278E-03 5.2782E-03 5.4142E-03 5.8886E-03 6.3030E-03 6.2765E-03 6.2256E-03 6.4460E-03
8.0177E-04 9.4921E-04 1.0698E-03 1.1701E-03 1.2546E-03 1.3237E-03 1.3801E-03 1.4310E-03 1.4772E-03 1.5193E-03 1.5615E-03 1.6043E-03 1.6496E-03 1.6963E-03 1.7489E-03 1.8131E-03 1.8898E-03 1.9734E-03 2.0525E-03 2.1228E-03 2.1759E-03 2.2125E-03 2.2368E-03 2.2587E-03 2.2796E-03 2.3093E-03 2.3506E-03 2.4038E-03 2.4854E-03 2.5928E-03 2.7177E-03 2.8259E-03 2.8903E-03 2.9488E-03 3.0518E-03 3.2092E-03 3.4086E-03 3.6488E-03 3.9387E-03 4.2990E-03 4.6406E-03 4.7284E-03 4.6340E-03 4.6807E-03 4.8839E-03 5.2053E-03 5.5990E-03 5.9553E-03 6.1318E-03 6.0951E-03 5.9312E-03 6.0851E-03 6.6231E-03 7.0500E-03 6.9888E-03 7.0459E-03 7.2957E-03
8.4625E-04 1.0050E-03 1.1330E-03 1.2382E-03 1.3247E-03 1.3951E-03 1.4533E-03 1.5046E-03 1.5491E-03 1.5921E-03 1.6360E-03 1.6787E-03 1.7215E-03 1.7674E-03 1.8177E-03 1.8748E-03 1.9452E-03 2.0271E-03 2.1175E-03 2.2101E-03 2.2928E-03 2.3622E-03 2.4106E-03 2.4527E-03 2.4844E-03 2.5171E-03 2.5538E-03 2.5975E-03 2.6619E-03 2.7551E-03 2.8805E-03 3.0278E-03 3.1434E-03 3.2001E-03 3.2557E-03 3.3791E-03 3.5730E-03 3.8240E-03 4.1218E-03 4.5033E-03 4.9611E-03 5.2845E-03 5.2637E-03 5.2055E-03 5.3742E-03 5.7402E-03 6.2002E-03 6.6523E-03 6.9039E-03 6.8958E-03 6.7012E-03 6.8925E-03 7.5109E-03 7.9527E-03 7.9336E-03 8.1291E-03 8.3411E-03
8.8615E-04 1.0579E-03 1.1962E-03 1.3049E-03 1.3928E-03 1.4673E-03 1.5325E-03 1.5867E-03 1.6340E-03 1.6810E-03 1.7256E-03 1.7682E-03 1.8114E-03 1.8582E-03 1.9087E-03 1.9654E-03 2.0317E-03 2.1080E-03 2.1986E-03 2.2950E-03 2.3860E-03 2.4699E-03 2.5468E-03 2.6235E-03 2.6911E-03 2.7465E-03 2.7946E-03 2.8390E-03 2.8992E-03 2.9880E-03 3.0975E-03 3.2436E-03 3.3907E-03 3.4960E-03 3.5648E-03 3.6509E-03 3.8045E-03 4.0522E-03 4.3601E-03 4.7539E-03 5.2636E-03 5.8026E-03 6.0254E-03 5.8929E-03 5.9621E-03 6.3306E-03 6.8506E-03 7.4396E-03 7.8628E-03 7.9073E-03 7.6651E-03 7.9055E-03 8.6308E-03 9.1159E-03 9.2218E-03 9.5072E-03 9.5545E-03
9.1819E-04 1.1028E-03 1.2508E-03 1.3641E-03 1.4545E-03 1.5346E-03 1.6087E-03 1.6706E-03 1.7258E-03 1.7805E-03 1.8296E-03 1.8758E-03 1.9223E-03 1.9689E-03 2.0187E-03 2.0756E-03 2.1414E-03 2.2208E-03 2.3134E-03 2.4096E-03 2.4973E-03 2.5771E-03 2.6609E-03 2.7532E-03 2.8503E-03 2.9475E-03 3.0369E-03 3.1184E-03 3.1973E-03 3.2914E-03 3.3987E-03 3.5262E-03 3.6559E-03 3.7778E-03 3.9118E-03 4.0344E-03 4.1604E-03 4.3725E-03 4.6795E-03 5.0812E-03 5.6252E-03 6.2928E-03 6.8312E-03 6.8449E-03 6.6979E-03 6.9563E-03 7.5328E-03 8.3104E-03 9.0451E-03 9.2215E-03 8.9169E-03 9.2363E-03 1.0129E-02 1.0696E-02 1.0941E-02 1.1120E-02 1.0850E-02
9.5102E-04 1.1463E-03 1.2997E-03 1.4172E-03 1.5103E-03 1.5945E-03 1.6747E-03 1.7459E-03 1.8088E-03 1.8699E-03 1.9331E-03 1.9951E-03 2.0535E-03 2.1044E-03 2.1539E-03 2.2103E-03 2.2757E-03 2.3594E-03 2.4556E-03 2.5565E-03 2.6486E-03 2.7251E-03 2.8001E-03 2.8836E-03 2.9794E-03 3.0975E-03 3.2349E-03 3.3822E-03 3.5196E-03 3.6462E-03 3.7612E-03 3.8774E-03 3.9915E-03 4.1007E-03 4.2508E-03 4.4432E-03 4.6347E-03 4.8304E-03 5.1057E-03 5.5035E-03 6.0532E-03 6.7953E-03 7.6361E-03 8.0491E-03 7.7814E-03 7.7747E-03 8.3343E-03 9.2926E-03 1.0406E-02 1.0781E-02 1.0454E-02 1.0863E-02 1.1950E-02 1.2672E-02 1.3031E-02 1.2911E-02 1.2319E-02
9.9899E-04 1.2031E-03 1.3589E-03 1.4780E-03 1.5741E-03 1.6619E-03 1.7437E-03 1.8171E-03 1.8853E-03 1.9513E-03 2.0261E-03 2.1064E-03 2.1832E-03 2.2496E-03 2.3054E-03 2.3652E-03 2.4342E-03 2.5186E-03 2.6186E-03 2.7268E-03 2.8263E-03 2.9073E-03 2.9810E-03 3.0554E-03 3.1409E-03 3.2538E-03 3.4012E-03 3.5837E-03 3.7825E-03 3.9719E-03 4.1343E-03 4.2744E-03 4.3902E-03 4.5132E-03 4.6656E-03 4.8628E-03 5.1073E-03 5.3847E-03 5.6773E-03 6.0382E-03 6.5594E-03 7.3263E-03 8.3821E-03 9.2901E-03 9.3003E-03 8.9327E-03 9.3357E-03 1.0449E-02 1.1989E-02 1.2663E-02 1.2304E-02 1.2756E-02 1.4027E-02 1.4964E-02 1.5337E-02 1.4832E-02 1.3994E-02
1.0673E-03 1.2866E-03 1.4504E-03 1.5717E-03 1.6686E-03 1.7529E-03 1.8282E-03 1.9034E-03 1.9774E-03 2.0480E-03 2.1301E-03 2.2202E-03 2.3077E-03 2.3878E-03 2.4649E-03 2.5353E-03 2.6103E-03 2.6978E-03 2.8023E-03 2.9139E-03 3.0195E-03 3.1066E-03 3.1808E-03 3.2600E-03 3.3494E-03 3.4579E-03 3.6018E-03 3.7854E-03 4.0035E-03 4.2378E-03 4.4632E-03 4.6639E-03 4.8230E-03 4.9795E-03 5.1492E-03 5.3527E-03 5.6087E-03 5.9432E-03 6.3359E-03 6.7288E-03 7.2112E-03 7.9377E-03 9.0187E-03 1.0332E-02 1.1083E-02 1.0724E-02 1.0748E-02 1.1934E-02 1.3881E-02 1.5141E-02 1.4711E-02 1.5189E-02 1.6748E-02 1.7958E-02 1.8033E-02 1.7108E-02 1.6035E-02
1.1407E-03 1.3849E-03 1.5630E-03 1.6910E-03 1.7906E-03 1.8739E-03 1.9491E-03 2.0227E-03 2.0977E-03 2.1763E-03 2.2625E-03 2.3540E-03 2.4459E-03 2.5368E-03 2.6284E-03 2.7124E-03 2.7929E-03 2.8845E-03 2.9921E-03 3.1118E-03 3.2259E-03 3.3158E-03 3.3967E-03 3.4870E-03 3.5908E-03 3.7089E-03 3.8608E-03 4.0483E-03 4.2711E-03 4.5138E-03 4.7623E-03 5.0035E-03 5.2364E-03 5.4752E-03 5.7022E-03 5.9384E-03 6.2234E-03 6.5897E-03 7.0323E-03 7.5289E-03 8.1019E-03 8.8143E-03 9.8153E-03 1.1271E-02 1.2963E-02 1.3441E-02 1.3008E-02 1.4047E-02 1.6388E-02 1.8680E-02 1.8165E-02 1.8728E-02 2.0848E-02 2.2251E-02 2.1549E-02 2.0154E-02 1.8930E-02
1.1839E-03 1.4478E-03 1.6428E-03 1.7864E-03 1.8958E-03 1.9896E-03 2.0802E-03 2.1681E-03 2.2546E-03 2.3436E-03 2.4364E-03 2.5304E-03 2.6272E-03 2.7252E-03 2.8248E-03 2.9181E-03 2.9980E-03 3.0875E-03 3.1992E-03 3.3283E-03 3.4571E-03 3.5590E-03 3.6512E-03 3.7564E-03 3.8765E-03 4.0132E-03 4.1762E-03 4.3714E-03 4.5992E-03 4.8458E-03 5.1102E-03 5.3821E-03 5.6683E-03 5.9802E-03 6.3077E-03 6.6384E-03 6.9856E-03 7.3900E-03 7.8625E-03 8.3999E-03 9.0949E-03 9.9435E-03 1.1026E-02 1.2434E-02 1.4659E-02 1.6860E-02 1.6718E-02 1.7024E-02 1.9731E-02 2.3650E-02 2.3393E-02 2.4233E-02 2.7459E-02 2.8433E-02 2.6524E-02 2.4648E-02 2.3801E-02
1.2099E-03 1.4787E-03 1.6828E-03 1.8395E-03 1.9597E-03 2.0678E-03 2.1732E-03 2.2827E-03 2.3867E-03 2.4915E-03 2.6051E-03 2.7198E-03 2.8324E-03 2.9480E-03 3.0672E-03 3.1782E-03 3.2687E-03 3.3629E-03 3.4758E-03 3.6052E-03 3.7445E-03 3.8590E-03 3.9640E-03 4.0858E-03 4.2255E-03 4.3802E-03 4.5514E-03 4.7443E-03 4.9681E-03 5.2219E-03 5.4968E-03 5.7981E-03 6.1303E-03 6.4995E-03 6.9391E-03 7.4053E-03 7.8853E-03 8.3926E-03 8.9357E-03 9.5442E-03 1.0276E-02 1.1183E-02 1.2464E-02 1.4146E-02 1.6499E-02 2.0165E-02 2.2337E-02 2.1599E-02 2.4208E-02 3.0401E-02 3.1323E-02 3.2810E-02 3.7740E-02 3.7119E-02 3.3829E-02 3.2131E-02 3.1641E-02
1.2314E-03 1.5043E-03 1.7137E-03 1.8788E-03 2.0092E-03 2.1254E-03 2.2405E-03 2.3599E-03 2.4717E-03 2.5899E-03 2.7206E-03 2.8538E-03 2.9849E-03 3.1224E-03 3.2657E-03 3.4059E-03 3.5340E-03 3.6596E-03 3.7955E-03 3.9407E-03 4.0919E-03 4.2328E-03 4.3618E-03 4.5092E-03 4.6766E-03 4.8455E-03 5.0162E-03 5.2020E-03 5.4163E-03 5.6595E-03 5.9335E-03 6.2458E-03 6.6007E-03 7.0196E-03 7.5493E-03 8.1857E-03 8.8631E-03 9.6042E-03 1.0426E-02 1.1297E-02 1.2155E-02 1.3019E-02 1.4267E-02 1.6154E-02 1.9031E-02 2.3042E-02 2.8796E-02 3.0095E-02 3.1148E-02 3.9655E-02 4.3930E-02 4.6535E-02 5.4104E-02 4.9993E-02 4.6268E-02 4.4566E-02 4.1281E-02
1.2477E-03 1.5213E-03 1.7378E-03 1.9110E-03 2.0512E-03 2.1749E-03 2.2979E-03 2.4281E-03 2.5541E-03 2.6797E-03 2.8100E-03 2.9451E-03 3.0840E-03 3.2326E-03 3.3885E-03 3.5486E-03 3.7088E-03 3.8724E-03 4.0369E-03 4.2090E-03 4.3885E-03 4.5798E-03 4.7709E-03 4.9793E-03 5.2020E-03 5.4164E-03 5.6318E-03 5.8318E-03 6.0409E-03 6.2784E-03 6.5452E-03 6.8616E-03 7.2467E-03 7.7152E-03 8.3010E-03 9.0349E-03 9.8840E-03 1.0898E-02 1.2113E-02 1.3447E-02 1.4783E-02 1.5937E-02 1.7184E-02 1.8953E-02 2.1941E-02 2.6975E-02 3.3930E-02 4.3907E-02 4.3355E-02 5.3208E-02 6.5360E-02 7.0709E-02 7.9939E-02 7.0947E-02 6.8110E-02 6.1909E-02 5.1470E-02
1.2600E-03 1.5347E-03 1.7543E-03 1.9340E-03 2.0817E-03 2.2135E-03 2.3482E-03 2.4890E-03 2.6261E-03 2.7634E-03 2.8921E-03 3.0205E-03 3.1604E-03 3.3174E-03 3.4908E-03 3.6666E-03 3.8496E-03 4.0396E-03 4.2284E-03 4.4228E-03 4.6301E-03 4.8482E-03 5.0717E-03 5.3211E-03 5.5778E-03 5.8543E-03 6.1644E-03 6.4702E-03 6.7737E-03 7.0947E-03 7.4412E-03 7.8299E-03 8.2548E-03 8.7679E-03 9.4289E-03 1.0274E-02 1.1280E-02 1.2463E-02 1.3837E-02 1.5408E-02 1.7308E-02 1.9405E-02 2.1689E-02 2.4243E-02 2.7260E-02 3.2474E-02 4.1762E-02 5.6340E-02 7.2371E-02 7.7600E-02 1.0599E-01 1.2028E-01 1.2602E-01 1.1453E-01 1.0435E-01 8.3015E-02 6.5409E-02
1.2900E-03 1.5699E-03 1.7930E-03 1.9779E-03 2.1309E-03 2.2695E-03 2.4111E-03 2.5562E-03 2.6963E-03 2.8338E-03 2.9607E-03 3.0853E-03 3.2237E-03 3.3813E-03 3.5633E-03 3.7532E-03 3.9549E-03 4.1706E-03 4.4039E-03 4.6396E-03 4.8665E-03 5.1075E-03 5.3616E-03 5.6223E-03 5.8755E-03 6.1654E-03 6.5043E-03 6.8795E-03 7.2709E-03 7.6965E-03 8.1970E-03 8.7632E-03 9.3705E-03 1.0056E-02 1.0864E-02 1.1893E-02 1.3175E-02 1.4691E-02 1.6484E-02 1.8525E-02 2.0845E-02 2.3481E-02 2.6806E-02 3.1461E-02 3.7518E-02 4.4896E-02 5.5301E-02 7.4824E-02 1.1206E-01 1.3805E-01 2.0032E-01 2.4566E-01 2.3257E-01 2.0761E-01 1.5463E-01 1.1160E-01 8.2805E-02
1.3508E-03 1.6448E-03 1.8761E-03 2.0647E-03 2.2239E-03 2.3694E-03 2.5134E-03 2.6562E-03 2.7965E-03 2.9305E-03 3.0600E-03 3.1886E-03 3.3282E-03 3.4804E-03 3.6485E-03 3.8307E-03 4.0347E-03 4.2668E-03 4.5218E-03 4.7931E-03 5.0749E-03 5.3620E-03 5.6573E-03 5.9468E-03 6.2277E-03 6.5439E-03 6.9076E-03 7.3023E-03 7.7269E-03 8.2021E-03 8.7390E-03 9.3715E-03 1.0120E-02 1.1008E-02 1.2085E-02 1.3492E-02 1.5181E-02 1.7160E-02 1.9505E-02 2.2187E-02 2.5475E-02 2.9679E-02 3.5027E-02 4.2197E-02 5.1662E-02 6.5559E-02 8.7195E-02 1.1734E-01 1.7353E-01 3.1835E-01 4.8564E-01 6.8273E-01 5.5473E-01 3.6051E-01 2.2531E-01 1.4693E-01 1.0030E-01
