inst/extdata/average_period_conc.grd
ncols       100
nrows       100
xllcorner      7.375160000E+05
yllcorner      5.081320000E+06
cellsize      5.000000000E+01
nodata_value         -9
[rows 0 to 24 of 100, columns 0 to 56 of 100]
5.9489E-05 6.4603E-05 6.9789E-05 7.4967E-05 8.0202E-05 8.5632E-05 9.1292E-05 9.7078E-05 1.0287E-04 1.0870E-04 1.1480E-04 1.2142E-04 1.2853E-04 1.3596E-04 1.4354E-04 1.5121E-04 1.5949E-04 1.6896E-04 1.7905E-04 1.8885E-04 1.9743E-04 2.0475E-04 2.1212E-04 2.2122E-04 2.3296E-04 2.4770E-04 2.6529E-04 2.8707E-04 3.1076E-04 3.1978E-04 3.0833E-04 2.9736E-04 2.9400E-04 2.9449E-04 2.9658E-04 2.9839E-04 2.9883E-04 2.9893E-04 3.0144E-04 3.1076E-04 3.2607E-04 3.3948E-04 3.4981E-04 3.5871E-04 3.6551E-04 3.7111E-04 3.7950E-04 3.9095E-04 4.0239E-04 4.1091E-04 4.1382E-04 4.1438E-04 4.1756E-04 4.2400E-04 4.3350E-04 4.4890E-04 4.7757E-04
6.7212E-05 7.3674E-05 8.0228E-05 8.6756E-05 9.3367E-05 1.0028E-04 1.0754E-04 1.1495E-04 1.2224E-04 1.2940E-04 1.3685E-04 1.4502E-04 1.5375E-04 1.6270E-04 1.7150E-04 1.7988E-04 1.8862E-04 1.9896E-04 2.1074E-04 2.2266E-04 2.3314E-04 2.4180E-04 2.5010E-04 2.6009E-04 2.7275E-04 2.8940E-04 3.0952E-04 3.3362E-04 3.6220E-04 3.7573E-04 3.6323E-04 3.4807E-04 3.4124E-04 3.4022E-04 3.4227E-04 3.4419E-04 3.4456E-04 3.4498E-04 3.4796E-04 3.5853E-04 3.7822E-04 3.9671E-04 4.1047E-04 4.2276E-04 4.3230E-04 4.3931E-04 4.4893E-04 4.6208E-04 4.7467E-04 4.8255E-04 4.8466E-04 4.8508E-04 4.8889E-04 4.9600E-04 5.0577E-04 5.2517E-04 5.6317E-04
7.6507E-05 8.4725E-05 9.3075E-05 1.0141E-04 1.0985E-04 1.1867E-04 1.2794E-04 1.3733E-04 1.4634E-04 1.5487E-04 1.6348E-04 1.7282E-04 1.8281E-04 1.9307E-04 2.0289E-04 2.1165E-04 2.2022E-04 2.3043E-04 2.4298E-04 2.5637E-04 2.6859E-04 2.7869E-04 2.8798E-04 2.9852E-04 3.1147E-04 3.2803E-04 3.4824E-04 3.7278E-04 4.0235E-04 4.2187E-04 4.1458E-04 3.9694E-04 3.8588E-04 3.8308E-04 3.8306E-04 3.8413E-04 3.8373E-04 3.8382E-04 3.8810E-04 4.0037E-04 4.2192E-04 4.4454E-04 4.6262E-04 4.7759E-04 4.8859E-04 4.9706E-04 5.0817E-04 5.2243E-04 5.3528E-04 5.4307E-04 5.4642E-04 5.4972E-04 5.5517E-04 5.6243E-04 5.7124E-04 5.9396E-04 6.3614E-04
8.7961E-05 9.8398E-05 1.0897E-04 1.1958E-04 1.3031E-04 1.4138E-04 1.5286E-04 1.6438E-04 1.7522E-04 1.8509E-04 1.9451E-04 2.0437E-04 2.1498E-04 2.2613E-04 2.3692E-04 2.4639E-04 2.5520E-04 2.6527E-04 2.7779E-04 2.9165E-04 3.0494E-04 3.1617E-04 3.2596E-04 3.3624E-04 3.4937E-04 3.6625E-04 3.8706E-04 4.1218E-04 4.4113E-04 4.6443E-04 4.6225E-04 4.4389E-04 4.3049E-04 4.2489E-04 4.2350E-04 4.2406E-04 4.2326E-04 4.2336E-04 4.2726E-04 4.4030E-04 4.6450E-04 4.9204E-04 5.1360E-04 5.2740E-04 5.3703E-04 5.4715E-04 5.6060E-04 5.7547E-04 5.8822E-04 5.9655E-04 6.0161E-04 6.0826E-04 6.1631E-04 6.2313E-04 6.3327E-04 6.5795E-04 6.9629E-04
1.0305E-04 1.1643E-04 1.2935E-04 1.4230E-04 1.5545E-04 1.6873E-04 1.8225E-04 1.9574E-04 2.0832E-04 2.1933E-04 2.2935E-04 2.3936E-04 2.5004E-04 2.6153E-04 2.7309E-04 2.8387E-04 2.9403E-04 3.0469E-04 3.1694E-04 3.3082E-04 3.4500E-04 3.5705E-04 3.6703E-04 3.7652E-04 3.8833E-04 4.0479E-04 4.2559E-04 4.5075E-04 4.7986E-04 5.0554E-04 5.1021E-04 4.9523E-04 4.7861E-04 4.6925E-04 4.6669E-04 4.6663E-04 4.6599E-04 4.6562E-04 4.6895E-04 4.8266E-04 5.1044E-04 5.4244E-04 5.6464E-04 5.7610E-04 5.8476E-04 5.9582E-04 6.1094E-04 6.2671E-04 6.3902E-04 6.4674E-04 6.5332E-04 6.6206E-04 6.7203E-04 6.8144E-04 6.9576E-04 7.2083E-04 7.5114E-04
1.2268E-04 1.4039E-04 1.5609E-04 1.7114E-04 1.8608E-04 2.0078E-04 2.1551E-04 2.3022E-04 2.4377E-04 2.5528E-04 2.6575E-04 2.7599E-04 2.8649E-04 2.9784E-04 3.0971E-04 3.2186E-04 3.3423E-04 3.4635E-04 3.5878E-04 3.7289E-04 3.8817E-04 4.0130E-04 4.1152E-04 4.2000E-04 4.2936E-04 4.4368E-04 4.6359E-04 4.8935E-04 5.1914E-04 5.4774E-04 5.6085E-04 5.5213E-04 5.3310E-04 5.1905E-04 5.1388E-04 5.1324E-04 5.1270E-04 5.1275E-04 5.1737E-04 5.3231E-04 5.5971E-04 5.9085E-04 6.1324E-04 6.2384E-04 6.3198E-04 6.4436E-04 6.6096E-04 6.7725E-04 6.8893E-04 6.9702E-04 7.0556E-04 7.1562E-04 7.2627E-04 7.3891E-04 7.5772E-04 7.8358E-04 8.0870E-04
1.4413E-04 1.6808E-04 1.8789E-04 2.0465E-04 2.1992E-04 2.3466E-04 2.4898E-04 2.6294E-04 2.7570E-04 2.8698E-04 2.9772E-04 3.0843E-04 3.1931E-04 3.3107E-04 3.4326E-04 3.5646E-04 3.7100E-04 3.8527E-04 3.9912E-04 4.1409E-04 4.3018E-04 4.4475E-04 4.5620E-04 4.6475E-04 4.7215E-04 4.8378E-04 5.0213E-04 5.2775E-04 5.5751E-04 5.8850E-04 6.1013E-04 6.0967E-04 5.9236E-04 5.7455E-04 5.6826E-04 5.6861E-04 5.6779E-04 5.6763E-04 5.7186E-04 5.8514E-04 6.0974E-04 6.4009E-04 6.6340E-04 6.7254E-04 6.8035E-04 6.9433E-04 7.1219E-04 7.2754E-04 7.3918E-04 7.4931E-04 7.6068E-04 7.7142E-04 7.8138E-04 7.9634E-04 8.2018E-04 8.4728E-04 8.7012E-04
1.6396E-04 1.9368E-04 2.1780E-04 2.3593E-04 2.5075E-04 2.6466E-04 2.7745E-04 2.8888E-04 2.9940E-04 3.0982E-04 3.2034E-04 3.3160E-04 3.4416E-04 3.5780E-04 3.7127E-04 3.8609E-04 4.0328E-04 4.2087E-04 4.3753E-04 4.5437E-04 4.7152E-04 4.8759E-04 5.0092E-04 5.1116E-04 5.1876E-04 5.2848E-04 5.4448E-04 5.6786E-04 5.9683E-04 6.2934E-04 6.5761E-04 6.6962E-04 6.5891E-04 6.3955E-04 6.3011E-04 6.3120E-04 6.3086E-04 6.2921E-04 6.3174E-04 6.4269E-04 6.6498E-04 6.9387E-04 7.1483E-04 7.2261E-04 7.3223E-04 7.4902E-04 7.6783E-04 7.8151E-04 7.9232E-04 8.0348E-04 8.1709E-04 8.2807E-04 8.3691E-04 8.5297E-04 8.8009E-04 9.0885E-04 9.3416E-04
1.7967E-04 2.1182E-04 2.3863E-04 2.5873E-04 2.7463E-04 2.8839E-04 3.0060E-04 3.1103E-04 3.2039E-04 3.2931E-04 3.3849E-04 3.4941E-04 3.6354E-04 3.7927E-04 3.9486E-04 4.1201E-04 4.3240E-04 4.5449E-04 4.7571E-04 4.9649E-04 5.1651E-04 5.3503E-04 5.5019E-04 5.6229E-04 5.7198E-04 5.8076E-04 5.9308E-04 6.1214E-04 6.3850E-04 6.7115E-04 7.0539E-04 7.2816E-04 7.2688E-04 7.0962E-04 6.9858E-04 6.9882E-04 6.9853E-04 6.9570E-04 6.9649E-04 7.0519E-04 7.2560E-04 7.5075E-04 7.6683E-04 7.7456E-04 7.8785E-04 8.0781E-04 8.2786E-04 8.4003E-04 8.4805E-04 8.5844E-04 8.7315E-04 8.8458E-04 8.9279E-04 9.1074E-04 9.3984E-04 9.7024E-04 9.9680E-04
1.9371E-04 2.2615E-04 2.5388E-04 2.7621E-04 2.9477E-04 3.1002E-04 3.2262E-04 3.3408E-04 3.4406E-04 3.5235E-04 3.6089E-04 3.7143E-04 3.8560E-04 4.0188E-04 4.1866E-04 4.3670E-04 4.5842E-04 4.8429E-04 5.1182E-04 5.3947E-04 5.6466E-04 5.8740E-04 6.0655E-04 6.2200E-04 6.3357E-04 6.4087E-04 6.4832E-04 6.6118E-04 6.8256E-04 7.1212E-04 7.4772E-04 7.8180E-04 7.9651E-04 7.8762E-04 7.7591E-04 7.7331E-04 7.7318E-04 7.6857E-04 7.6384E-04 7.6735E-04 7.8301E-04 8.0471E-04 8.1911E-04 8.2848E-04 8.4555E-04 8.6895E-04 8.8903E-04 8.9970E-04 9.0524E-04 9.1503E-04 9.3015E-04 9.4129E-04 9.5000E-04 9.7095E-04 1.0018E-03 1.0345E-03 1.0634E-03
2.0739E-04 2.4082E-04 2.6903E-04 2.9356E-04 3.1511E-04 3.3227E-04 3.4591E-04 3.5849E-04 3.6952E-04 3.7894E-04 3.8947E-04 4.0142E-04 4.1520E-04 4.3110E-04 4.4792E-04 4.6542E-04 4.8603E-04 5.1189E-04 5.4292E-04 5.7776E-04 6.1022E-04 6.3932E-04 6.6636E-04 6.8813E-04 7.0210E-04 7.0802E-04 7.1060E-04 7.1584E-04 7.2996E-04 7.5398E-04 7.8809E-04 8.2888E-04 8.5976E-04 8.6652E-04 8.5576E-04 8.5059E-04 8.4911E-04 8.4254E-04 8.3227E-04 8.2961E-04 8.4008E-04 8.5984E-04 8.7548E-04 8.8787E-04 9.0884E-04 9.3468E-04 9.5383E-04 9.6167E-04 9.6463E-04 9.7227E-04 9.8621E-04 9.9854E-04 1.0103E-03 1.0350E-03 1.0668E-03 1.1018E-03 1.1358E-03
2.1879E-04 2.5340E-04 2.8219E-04 3.0786E-04 3.3154E-04 3.5138E-04 3.6849E-04 3.8426E-04 3.9786E-04 4.1057E-04 4.2462E-04 4.3896E-04 4.5374E-04 4.7032E-04 4.8687E-04 5.0296E-04 5.2090E-04 5.4346E-04 5.7276E-04 6.0976E-04 6.4925E-04 6.8799E-04 7.2556E-04 7.5550E-04 7.7459E-04 7.8099E-04 7.7910E-04 7.7668E-04 7.8241E-04 7.9994E-04 8.3093E-04 8.7470E-04 9.1598E-04 9.3420E-04 9.2959E-04 9.2503E-04 9.2307E-04 9.1674E-04 9.0350E-04 8.9393E-04 8.9662E-04 9.1462E-04 9.3591E-04 9.5314E-04 9.7575E-04 1.0038E-03 1.0236E-03 1.0276E-03 1.0257E-03 1.0287E-03 1.0413E-03 1.0581E-03 1.0771E-03 1.1050E-03 1.1371E-03 1.1760E-03 1.2141E-03
2.2831E-04 2.6269E-04 2.9229E-04 3.1933E-04 3.4509E-04 3.6888E-04 3.9194E-04 4.1375E-04 4.3256E-04 4.5003E-04 4.6751E-04 4.8454E-04 5.0163E-04 5.1963E-04 5.3583E-04 5.5015E-04 5.6542E-04 5.8445E-04 6.0945E-04 6.4313E-04 6.8607E-04 7.3418E-04 7.8181E-04 8.2185E-04 8.4889E-04 8.5968E-04 8.5513E-04 8.4515E-04 8.4257E-04 8.5291E-04 8.7786E-04 9.1721E-04 9.6238E-04 9.9411E-04 9.9987E-04 9.9553E-04 9.9536E-04 9.9097E-04 9.7611E-04 9.5960E-04 9.5415E-04 9.6705E-04 9.9113E-04 1.0157E-03 1.0411E-03 1.0742E-03 1.0968E-03 1.0993E-03 1.0916E-03 1.0873E-03 1.0997E-03 1.1242E-03 1.1523E-03 1.1807E-03 1.2121E-03 1.2551E-03 1.2990E-03
2.4122E-04 2.7605E-04 3.0681E-04 3.3506E-04 3.6214E-04 3.8998E-04 4.1907E-04 4.4738E-04 4.7230E-04 4.9441E-04 5.1518E-04 5.3554E-04 5.5525E-04 5.7407E-04 5.9037E-04 6.0394E-04 6.1752E-04 6.3373E-04 6.5488E-04 6.8424E-04 7.2557E-04 7.7618E-04 8.3036E-04 8.7979E-04 9.1811E-04 9.3991E-04 9.3865E-04 9.2429E-04 9.1336E-04 9.1513E-04 9.3156E-04 9.6252E-04 1.0053E-03 1.0456E-03 1.0609E-03 1.0593E-03 1.0613E-03 1.0628E-03 1.0500E-03 1.0283E-03 1.0161E-03 1.0243E-03 1.0477E-03 1.0748E-03 1.1053E-03 1.1437E-03 1.1689E-03 1.1708E-03 1.1566E-03 1.1473E-03 1.1638E-03 1.1996E-03 1.2382E-03 1.2681E-03 1.2986E-03 1.3436E-03 1.3920E-03
2.6009E-04 2.9752E-04 3.2993E-04 3.5919E-04 3.8739E-04 4.1751E-04 4.4992E-04 4.8242E-04 5.1215E-04 5.3910E-04 5.6412E-04 5.8770E-04 6.0973E-04 6.2992E-04 6.4712E-04 6.6057E-04 6.7254E-04 6.8582E-04 7.0394E-04 7.2918E-04 7.6473E-04 8.1083E-04 8.6321E-04 9.1575E-04 9.6626E-04 1.0058E-03 1.0202E-03 1.0129E-03 9.9705E-04 9.8813E-04 9.9304E-04 1.0146E-03 1.0512E-03 1.0904E-03 1.1102E-03 1.1164E-03 1.1212E-03 1.1330E-03 1.1288E-03 1.1042E-03 1.0854E-03 1.0877E-03 1.1107E-03 1.1411E-03 1.1731E-03 1.2116E-03 1.2391E-03 1.2414E-03 1.2221E-03 1.2096E-03 1.2323E-03 1.2805E-03 1.3323E-03 1.3639E-03 1.3933E-03 1.4404E-03 1.4919E-03
2.8439E-04 3.2649E-04 3.6104E-04 3.9134E-04 4.2064E-04 4.5115E-04 4.8394E-04 5.1835E-04 5.5125E-04 5.8227E-04 6.1142E-04 6.3786E-04 6.6199E-04 6.8413E-04 7.0250E-04 7.1589E-04 7.2579E-04 7.3600E-04 7.5070E-04 7.7183E-04 8.0089E-04 8.3817E-04 8.8263E-04 9.3377E-04 9.9101E-04 1.0465E-03 1.0860E-03 1.1000E-03 1.0888E-03 1.0716E-03 1.0623E-03 1.0701E-03 1.0963E-03 1.1313E-03 1.1585E-03 1.1721E-03 1.1794E-03 1.1998E-03 1.2056E-03 1.1829E-03 1.1602E-03 1.1587E-03 1.1830E-03 1.2134E-03 1.2439E-03 1.2788E-03 1.3071E-03 1.3132E-03 1.2923E-03 1.2788E-03 1.3078E-03 1.3708E-03 1.4347E-03 1.4690E-03 1.4964E-03 1.5410E-03 1.5938E-03
3.0903E-04 3.5690E-04 3.9590E-04 4.2888E-04 4.5953E-04 4.9004E-04 5.2242E-04 5.5676E-04 5.9077E-04 6.2376E-04 6.5540E-04 6.8502E-04 7.1221E-04 7.3563E-04 7.5368E-04 7.6602E-04 7.7494E-04 7.8365E-04 7.9451E-04 8.1148E-04 8.3428E-04 8.6291E-04 8.9964E-04 9.4708E-04 1.0047E-03 1.0677E-03 1.1279E-03 1.1668E-03 1.1741E-03 1.1611E-03 1.1417E-03 1.1343E-03 1.1467E-03 1.1756E-03 1.2094E-03 1.2320E-03 1.2446E-03 1.2647E-03 1.2797E-03 1.2671E-03 1.2444E-03 1.2391E-03 1.2623E-03 1.2941E-03 1.3224E-03 1.3520E-03 1.3795E-03 1.3864E-03 1.3667E-03 1.3543E-03 1.3897E-03 1.4665E-03 1.5392E-03 1.5735E-03 1.5982E-03 1.6401E-03 1.6956E-03
3.3024E-04 3.8291E-04 4.2798E-04 4.6625E-04 5.0127E-04 5.3453E-04 5.6727E-04 6.0045E-04 6.3357E-04 6.6566E-04 6.9774E-04 7.3003E-04 7.6073E-04 7.8658E-04 8.0457E-04 8.1567E-04 8.2352E-04 8.3076E-04 8.3880E-04 8.5166E-04 8.6870E-04 8.9156E-04 9.2337E-04 9.6558E-04 1.0187E-03 1.0814E-03 1.1514E-03 1.2151E-03 1.2526E-03 1.2574E-03 1.2373E-03 1.2169E-03 1.2121E-03 1.2283E-03 1.2638E-03 1.2987E-03 1.3153E-03 1.3320E-03 1.3521E-03 1.3525E-03 1.3339E-03 1.3277E-03 1.3485E-03 1.3795E-03 1.4059E-03 1.4318E-03 1.4560E-03 1.4603E-03 1.4419E-03 1.4343E-03 1.4795E-03 1.5670E-03 1.6424E-03 1.6722E-03 1.6953E-03 1.7380E-03 1.8007E-03
3.4966E-04 4.0568E-04 4.5575E-04 5.0000E-04 5.4100E-04 5.7939E-04 6.1497E-04 6.4900E-04 6.8076E-04 7.1106E-04 7.4323E-04 7.7688E-04 8.0914E-04 8.3739E-04 8.5722E-04 8.6795E-04 8.7368E-04 8.7919E-04 8.8606E-04 8.9477E-04 9.0717E-04 9.2606E-04 9.5414E-04 9.9119E-04 1.0373E-03 1.0940E-03 1.1653E-03 1.2464E-03 1.3157E-03 1.3520E-03 1.3457E-03 1.3168E-03 1.2946E-03 1.2959E-03 1.3250E-03 1.3659E-03 1.3933E-03 1.4071E-03 1.4231E-03 1.4359E-03 1.4299E-03 1.4258E-03 1.4426E-03 1.4709E-03 1.4915E-03 1.5133E-03 1.5371E-03 1.5432E-03 1.5242E-03 1.5215E-03 1.5746E-03 1.6711E-03 1.7436E-03 1.7690E-03 1.7930E-03 1.8409E-03 1.9101E-03
3.7015E-04 4.2891E-04 4.8215E-04 5.3037E-04 5.7564E-04 6.1896E-04 6.5922E-04 6.9618E-04 7.2937E-04 7.6069E-04 7.9383E-04 8.2811E-04 8.6047E-04 8.8916E-04 9.0945E-04 9.1996E-04 9.2392E-04 9.2738E-04 9.3341E-04 9.4051E-04 9.4989E-04 9.6523E-04 9.9000E-04 1.0226E-03 1.0630E-03 1.1131E-03 1.1780E-03 1.2604E-03 1.3524E-03 1.4265E-03 1.4510E-03 1.4286E-03 1.3934E-03 1.3771E-03 1.3927E-03 1.4326E-03 1.4686E-03 1.4859E-03 1.5028E-03 1.5275E-03 1.5349E-03 1.5337E-03 1.5461E-03 1.5730E-03 1.5902E-03 1.6042E-03 1.6280E-03 1.6395E-03 1.6185E-03 1.6142E-03 1.6739E-03 1.7788E-03 1.8459E-03 1.8669E-03 1.8921E-03 1.9500E-03 2.0208E-03
3.9296E-04 4.5455E-04 5.1022E-04 5.6076E-04 6.0792E-04 6.5359E-04 6.9732E-04 7.3753E-04 7.7457E-04 8.1068E-04 8.4683E-04 8.8241E-04 9.1443E-04 9.4079E-04 9.5948E-04 9.6901E-04 9.7153E-04 9.7322E-04 9.7762E-04 9.8490E-04 9.9265E-04 1.0056E-03 1.0276E-03 1.0565E-03 1.0928E-03 1.1373E-03 1.1921E-03 1.2658E-03 1.3644E-03 1.4671E-03 1.5336E-03 1.5342E-03 1.4991E-03 1.4670E-03 1.4654E-03 1.4961E-03 1.5395E-03 1.5674E-03 1.5883E-03 1.6199E-03 1.6452E-03 1.6487E-03 1.6552E-03 1.6772E-03 1.6929E-03 1.7005E-03 1.7237E-03 1.7397E-03 1.7217E-03 1.7159E-03 1.7806E-03 1.8895E-03 1.9521E-03 1.9737E-03 2.0017E-03 2.0669E-03 2.1331E-03
4.1909E-04 4.8431E-04 5.4280E-04 5.9567E-04 6.4377E-04 6.8916E-04 7.3275E-04 7.7420E-04 8.1440E-04 8.5494E-04 8.9617E-04 9.3614E-04 9.7003E-04 9.9436E-04 1.0095E-03 1.0155E-03 1.0152E-03 1.0148E-03 1.0167E-03 1.0223E-03 1.0308E-03 1.0447E-03 1.0662E-03 1.0928E-03 1.1261E-03 1.1664E-03 1.2135E-03 1.2747E-03 1.3624E-03 1.4724E-03 1.5742E-03 1.6141E-03 1.6009E-03 1.5664E-03 1.5472E-03 1.5630E-03 1.6075E-03 1.6488E-03 1.6759E-03 1.7117E-03 1.7539E-03 1.7647E-03 1.7696E-03 1.7922E-03 1.8066E-03 1.8093E-03 1.8337E-03 1.8545E-03 1.8386E-03 1.8285E-03 1.8937E-03 2.0044E-03 2.0670E-03 2.0949E-03 2.1300E-03 2.2058E-03 2.2638E-03
4.5075E-04 5.2198E-04 5.8463E-04 6.4025E-04 6.8936E-04 7.3280E-04 7.7259E-04 8.1246E-04 8.5395E-04 8.9723E-04 9.4322E-04 9.8804E-04 1.0264E-03 1.0516E-03 1.0640E-03 1.0664E-03 1.0618E-03 1.0576E-03 1.0569E-03 1.0605E-03 1.0695E-03 1.0872E-03 1.1104E-03 1.1356E-03 1.1670E-03 1.2050E-03 1.2472E-03 1.2958E-03 1.3657E-03 1.4670E-03 1.5832E-03 1.6687E-03 1.6976E-03 1.6785E-03 1.6464E-03 1.6413E-03 1.6741E-03 1.7264E-03 1.7672E-03 1.8050E-03 1.8587E-03 1.8895E-03 1.8992E-03 1.9210E-03 1.9413E-03 1.9450E-03 1.9666E-03 1.9860E-03 1.9649E-03 1.9496E-03 2.0168E-03 2.1339E-03 2.2033E-03 2.2406E-03 2.2826E-03 2.3693E-03 2.4089E-03
4.9119E-04 5.7202E-04 6.4153E-04 7.0039E-04 7.4964E-04 7.8998E-04 8.2467E-04 8.6033E-04 8.9978E-04 9.4314E-04 9.9058E-04 1.0387E-03 1.0812E-03 1.1093E-03 1.1219E-03 1.1242E-03 1.1198E-03 1.1131E-03 1.1076E-03 1.1079E-03 1.1160E-03 1.1353E-03 1.1599E-03 1.1870E-03 1.2198E-03 1.2574E-03 1.2956E-03 1.3352E-03 1.3890E-03 1.4713E-03 1.5830E-03 1.7013E-03 1.7817E-03 1.7958E-03 1.7657E-03 1.7380E-03 1.7497E-03 1.7979E-03 1.8529E-03 1.8992E-03 1.9581E-03 2.0080E-03 2.0320E-03 2.0600E-03 2.0916E-03 2.1010E-03 2.1230E-03 2.1457E-03 2.1161E-03 2.0872E-03 2.1527E-03 2.2741E-03 2.3636E-03 2.4157E-03 2.4637E-03 2.5586E-03 2.5839E-03
5.4016E-04 6.3421E-04 7.1361E-04 7.7802E-04 8.2738E-04 8.6423E-04 8.9429E-04 9.2284E-04 9.5516E-04 9.9329E-04 1.0369E-03 1.0823E-03 1.1234E-03 1.1531E-03 1.1690E-03 1.1772E-03 1.1811E-03 1.1773E-03 1.1700E-03 1.1661E-03 1.1706E-03 1.1869E-03 1.2112E-03 1.2417E-03 1.2792E-03 1.3195E-03 1.3576E-03 1.3927E-03 1.4340E-03 1.4963E-03 1.5919E-03 1.7148E-03 1.8363E-03 1.9027E-03 1.8998E-03 1.8631E-03 1.8474E-03 1.8769E-03 1.9349E-03 1.9950E-03 2.0612E-03 2.1252E-03 2.1627E-03 2.1963E-03 2.2460E-03 2.2685E-03 2.2960E-03 2.3227E-03 2.2888E-03 2.2475E-03 2.3053E-03 2.4259E-03 2.5406E-03 2.6176E-03 2.6853E-03 2.7824E-03 2.7862E-03
