inst/extdata/average_period_conc.grd
ncols       100
nrows       100
xllcorner      7.375160000E+05
yllcorner      5.081320000E+06
cellsize      5.000000000E+01
nodata_value         -9
[rows 50 to 74 of 100, columns 0 to 56 of 100]
1.4272E-03 1.7435E-03 1.9892E-03 2.1863E-03 2.3560E-03 2.5082E-03 2.6543E-03 2.7966E-03 2.9370E-03 3.0782E-03 3.2231E-03 3.3671E-03 3.5129E-03 3.6595E-03 3.8178E-03 3.9950E-03 4.2000E-03 4.4301E-03 4.6902E-03 4.9791E-03 5.2900E-03 5.6106E-03 5.9499E-03 6.2927E-03 6.6380E-03 7.0258E-03 7.4522E-03 7.9296E-03 8.4510E-03 9.0192E-03 9.6259E-03 1.0330E-02 1.1195E-02 1.2252E-02 1.3549E-02 1.5203E-02 1.7197E-02 1.9563E-02 2.2396E-02 2.5856E-02 3.0126E-02 3.5758E-02 4.3359E-02 5.4438E-02 7.1022E-02 9.7514E-02 1.4255E-01 2.1999E-01 3.7856E-01 8.1536E-01 3.3129E+00 3.2288E+00 1.2810E+00 5.4913E-01 2.7939E-01 1.6499E-01 1.0622E-01
1.4909E-03 1.8288E-03 2.0935E-03 2.3048E-03 2.4875E-03 2.6476E-03 2.7929E-03 2.9327E-03 3.0760E-03 3.2300E-03 3.3950E-03 3.5557E-03 3.7144E-03 3.8673E-03 4.0350E-03 4.2202E-03 4.4278E-03 4.6624E-03 4.9250E-03 5.2199E-03 5.5413E-03 5.8918E-03 6.2788E-03 6.6881E-03 7.1129E-03 7.5839E-03 8.1049E-03 8.6999E-03 9.3448E-03 1.0062E-02 1.0824E-02 1.1643E-02 1.2685E-02 1.3967E-02 1.5525E-02 1.7499E-02 1.9918E-02 2.2818E-02 2.6300E-02 3.0675E-02 3.6206E-02 4.3746E-02 5.4328E-02 6.9741E-02 9.3748E-02 1.3458E-01 2.0853E-01 3.6122E-01 7.5423E-01 2.2767E+00 1.5382E+01 1.3148E+01 1.5948E+00 5.3742E-01 2.5719E-01 1.4427E-01 9.1039E-02
1.5498E-03 1.9037E-03 2.1816E-03 2.4018E-03 2.5939E-03 2.7598E-03 2.9063E-03 3.0534E-03 3.2063E-03 3.3699E-03 3.5483E-03 3.7236E-03 3.8936E-03 4.0572E-03 4.2361E-03 4.4322E-03 4.6477E-03 4.8885E-03 5.1611E-03 5.4654E-03 5.8076E-03 6.1942E-03 6.6219E-03 7.0919E-03 7.5938E-03 8.1441E-03 8.7508E-03 9.4249E-03 1.0163E-02 1.1002E-02 1.1907E-02 1.2862E-02 1.4034E-02 1.5466E-02 1.7245E-02 1.9560E-02 2.2471E-02 2.5977E-02 3.0252E-02 3.5481E-02 4.2297E-02 5.1784E-02 6.4987E-02 8.4646E-02 1.1519E-01 1.6689E-01 2.5990E-01 4.5325E-01 9.4316E-01 2.3930E+00 6.6695E+00 6.7193E+00 1.2931E+00 5.3917E-01 2.5992E-01 1.4316E-01 8.9032E-02
1.6211E-03 1.9932E-03 2.2813E-03 2.5060E-03 2.6979E-03 2.8696E-03 3.0238E-03 3.1816E-03 3.3478E-03 3.5246E-03 3.7106E-03 3.9029E-03 4.0866E-03 4.2597E-03 4.4465E-03 4.6545E-03 4.8857E-03 5.1390E-03 5.4267E-03 5.7475E-03 6.1068E-03 6.5238E-03 6.9789E-03 7.4961E-03 8.0548E-03 8.6582E-03 9.3019E-03 1.0006E-02 1.0807E-02 1.1732E-02 1.2736E-02 1.3841E-02 1.5109E-02 1.6642E-02 1.8577E-02 2.1032E-02 2.4139E-02 2.7928E-02 3.2375E-02 3.7656E-02 4.4421E-02 5.3757E-02 6.7251E-02 8.7222E-02 1.1928E-01 1.7377E-01 2.7221E-01 4.5097E-01 7.9181E-01 1.3135E+00 1.9171E+00 1.9352E+00 9.1368E-01 3.9235E-01 2.2901E-01 1.4253E-01 9.0268E-02
1.7004E-03 2.0936E-03 2.3905E-03 2.6168E-03 2.8105E-03 2.9867E-03 3.1497E-03 3.3164E-03 3.4930E-03 3.6758E-03 3.8631E-03 4.0632E-03 4.2555E-03 4.4367E-03 4.6265E-03 4.8368E-03 5.0748E-03 5.3374E-03 5.6279E-03 5.9530E-03 6.3263E-03 6.7557E-03 7.2221E-03 7.7462E-03 8.3178E-03 8.9244E-03 9.5530E-03 1.0253E-02 1.1063E-02 1.2006E-02 1.3057E-02 1.4220E-02 1.5535E-02 1.7060E-02 1.8969E-02 2.1432E-02 2.4474E-02 2.8144E-02 3.2414E-02 3.7709E-02 4.4755E-02 5.4702E-02 6.8931E-02 8.9699E-02 1.2184E-01 1.7192E-01 2.5341E-01 3.6722E-01 5.2775E-01 6.8337E-01 8.0666E-01 7.9757E-01 6.2341E-01 3.0707E-01 1.7873E-01 1.1477E-01 8.2484E-02
1.7596E-03 2.1655E-03 2.4682E-03 2.7024E-03 2.9012E-03 3.0791E-03 3.2468E-03 3.4159E-03 3.5915E-03 3.7711E-03 3.9559E-03 4.1474E-03 4.3353E-03 4.5133E-03 4.7009E-03 4.9094E-03 5.1478E-03 5.4060E-03 5.6959E-03 6.0284E-03 6.4108E-03 6.8472E-03 7.3156E-03 7.8275E-03 8.3821E-03 8.9671E-03 9.5747E-03 1.0252E-02 1.1021E-02 1.1925E-02 1.3000E-02 1.4194E-02 1.5554E-02 1.7141E-02 1.9113E-02 2.1700E-02 2.4974E-02 2.8886E-02 3.3558E-02 3.9616E-02 4.7454E-02 5.7454E-02 7.0947E-02 8.9498E-02 1.1763E-01 1.6038E-01 2.0559E-01 2.7555E-01 3.3785E-01 4.0557E-01 4.2003E-01 4.1587E-01 3.8078E-01 2.4819E-01 1.4839E-01 9.7846E-02 6.8959E-02
1.7808E-03 2.1884E-03 2.4914E-03 2.7289E-03 2.9293E-03 3.1060E-03 3.2740E-03 3.4372E-03 3.6083E-03 3.7832E-03 3.9623E-03 4.1426E-03 4.3223E-03 4.4977E-03 4.6833E-03 4.8923E-03 5.1303E-03 5.3940E-03 5.6955E-03 6.0380E-03 6.4252E-03 6.8661E-03 7.3347E-03 7.8333E-03 8.3696E-03 8.9348E-03 9.5358E-03 1.0200E-02 1.0946E-02 1.1844E-02 1.2960E-02 1.4278E-02 1.5799E-02 1.7601E-02 1.9886E-02 2.2812E-02 2.6311E-02 3.0304E-02 3.4874E-02 4.0968E-02 4.8648E-02 5.7521E-02 6.9528E-02 8.6856E-02 1.0968E-01 1.3377E-01 1.6966E-01 2.0211E-01 2.3356E-01 2.5636E-01 2.5578E-01 2.5313E-01 2.4246E-01 1.9284E-01 1.2829E-01 8.7127E-02 6.3828E-02
1.7614E-03 2.1607E-03 2.4638E-03 2.6972E-03 2.8909E-03 3.0656E-03 3.2333E-03 3.3940E-03 3.5603E-03 3.7362E-03 3.9173E-03 4.1005E-03 4.2800E-03 4.4585E-03 4.6492E-03 4.8583E-03 5.0939E-03 5.3666E-03 5.6850E-03 6.0457E-03 6.4504E-03 6.8896E-03 7.3618E-03 7.8699E-03 8.4338E-03 9.0346E-03 9.6939E-03 1.0467E-02 1.1375E-02 1.2489E-02 1.3864E-02 1.5537E-02 1.7460E-02 1.9585E-02 2.2077E-02 2.4871E-02 2.7843E-02 3.1172E-02 3.5324E-02 4.0895E-02 4.7890E-02 5.6565E-02 6.7593E-02 7.9264E-02 9.2776E-02 1.1632E-01 1.3515E-01 1.4974E-01 1.7334E-01 1.7255E-01 1.7065E-01 1.6771E-01 1.6167E-01 1.4542E-01 1.1083E-01 7.7676E-02 5.9060E-02
1.7196E-03 2.1038E-03 2.4034E-03 2.6344E-03 2.8260E-03 3.0019E-03 3.1730E-03 3.3381E-03 3.5092E-03 3.6920E-03 3.8823E-03 4.0798E-03 4.2675E-03 4.4544E-03 4.6541E-03 4.8665E-03 5.1109E-03 5.4033E-03 5.7522E-03 6.1540E-03 6.6002E-03 7.0836E-03 7.6114E-03 8.2043E-03 8.8878E-03 9.6589E-03 1.0548E-02 1.1610E-02 1.2852E-02 1.4315E-02 1.5995E-02 1.7815E-02 1.9718E-02 2.1628E-02 2.3779E-02 2.6260E-02 2.9075E-02 3.2166E-02 3.5676E-02 4.0607E-02 4.7481E-02 5.4923E-02 6.1438E-02 6.9245E-02 8.4095E-02 9.9081E-02 1.0650E-01 1.1845E-01 1.3097E-01 1.2466E-01 1.2315E-01 1.2047E-01 1.1478E-01 1.1065E-01 9.3766E-02 7.1469E-02 5.3178E-02
1.6877E-03 2.0571E-03 2.3489E-03 2.5807E-03 2.7780E-03 2.9593E-03 3.1339E-03 3.3068E-03 3.4856E-03 3.6784E-03 3.8849E-03 4.0990E-03 4.3092E-03 4.5196E-03 4.7451E-03 4.9898E-03 5.2728E-03 5.6124E-03 6.0212E-03 6.4962E-03 7.0335E-03 7.6341E-03 8.3058E-03 9.0733E-03 9.9583E-03 1.0981E-02 1.2137E-02 1.3412E-02 1.4795E-02 1.6293E-02 1.7866E-02 1.9400E-02 2.1010E-02 2.2857E-02 2.5076E-02 2.7486E-02 2.9772E-02 3.2293E-02 3.5780E-02 4.0693E-02 4.5930E-02 4.9811E-02 5.4839E-02 6.4278E-02 7.4925E-02 8.1769E-02 8.7331E-02 9.7643E-02 1.0095E-01 9.5920E-02 9.4138E-02 9.2398E-02 8.7696E-02 8.6398E-02 7.8896E-02 6.5411E-02 5.0526E-02
1.6750E-03 2.0355E-03 2.3244E-03 2.5611E-03 2.7725E-03 2.9674E-03 3.1488E-03 3.3310E-03 3.5247E-03 3.7322E-03 3.9614E-03 4.2052E-03 4.4547E-03 4.7088E-03 4.9829E-03 5.2948E-03 5.6517E-03 6.0722E-03 6.5738E-03 7.1633E-03 7.8343E-03 8.5896E-03 9.4269E-03 1.0355E-02 1.1377E-02 1.2488E-02 1.3664E-02 1.4858E-02 1.6097E-02 1.7429E-02 1.8859E-02 2.0408E-02 2.2135E-02 2.3962E-02 2.5709E-02 2.7455E-02 2.9663E-02 3.2590E-02 3.5942E-02 3.9245E-02 4.1831E-02 4.5305E-02 5.1669E-02 5.8694E-02 6.4395E-02 6.9091E-02 7.5013E-02 8.2039E-02 8.0158E-02 7.7111E-02 7.5637E-02 7.4508E-02 7.0380E-02 6.9750E-02 6.7005E-02 5.8779E-02 4.8500E-02
1.6858E-03 2.0537E-03 2.3523E-03 2.6049E-03 2.8373E-03 3.0495E-03 3.2470E-03 3.4469E-03 3.6636E-03 3.8930E-03 4.1505E-03 4.4356E-03 4.7388E-03 5.0575E-03 5.4043E-03 5.7988E-03 6.2550E-03 6.7852E-03 7.3901E-03 8.0766E-03 8.8407E-03 9.6774E-03 1.0592E-02 1.1568E-02 1.2588E-02 1.3605E-02 1.4607E-02 1.5650E-02 1.6864E-02 1.8334E-02 1.9911E-02 2.1424E-02 2.2854E-02 2.4187E-02 2.5649E-02 2.7579E-02 3.0036E-02 3.2560E-02 3.4360E-02 3.5946E-02 3.8877E-02 4.3626E-02 4.8777E-02 5.2849E-02 5.6410E-02 5.9893E-02 6.5741E-02 6.8666E-02 6.5847E-02 6.4549E-02 6.3550E-02 6.2889E-02 5.9136E-02 5.8457E-02 5.7840E-02 5.3478E-02 4.6419E-02
1.7344E-03 2.1263E-03 2.4498E-03 2.7285E-03 2.9844E-03 3.2175E-03 3.4347E-03 3.6593E-03 3.9020E-03 4.1657E-03 4.4601E-03 4.7952E-03 5.1689E-03 5.5638E-03 5.9858E-03 6.4583E-03 7.0025E-03 7.6172E-03 8.2808E-03 8.9909E-03 9.7584E-03 1.0573E-02 1.1442E-02 1.2350E-02 1.3285E-02 1.4238E-02 1.5232E-02 1.6374E-02 1.7710E-02 1.9159E-02 2.0474E-02 2.1579E-02 2.2791E-02 2.4262E-02 2.6061E-02 2.8029E-02 2.9718E-02 3.0705E-02 3.1609E-02 3.3723E-02 3.7739E-02 4.1912E-02 4.5232E-02 4.7820E-02 5.0107E-02 5.3274E-02 5.7565E-02 5.7955E-02 5.5347E-02 5.5434E-02 5.4781E-02 5.4398E-02 5.1129E-02 5.0214E-02 4.9910E-02 4.7703E-02 4.3421E-02
1.8255E-03 2.2538E-03 2.6135E-03 2.9229E-03 3.2025E-03 3.4604E-03 3.7046E-03 3.9629E-03 4.2420E-03 4.5476E-03 4.8902E-03 5.2774E-03 5.7096E-03 6.1651E-03 6.6419E-03 7.1619E-03 7.7470E-03 8.3757E-03 9.0294E-03 9.7075E-03 1.0402E-02 1.1137E-02 1.1921E-02 1.2790E-02 1.3758E-02 1.4788E-02 1.5867E-02 1.6987E-02 1.8089E-02 1.9162E-02 2.0218E-02 2.1400E-02 2.2862E-02 2.4615E-02 2.6384E-02 2.7543E-02 2.7979E-02 2.8438E-02 3.0007E-02 3.2995E-02 3.6543E-02 3.9250E-02 4.1379E-02 4.3126E-02 4.5008E-02 4.8092E-02 5.0475E-02 4.9487E-02 4.7753E-02 4.8298E-02 4.7839E-02 4.7676E-02 4.5102E-02 4.3771E-02 4.3183E-02 4.1783E-02 3.9788E-02
1.9501E-03 2.4253E-03 2.8265E-03 3.1695E-03 3.4796E-03 3.7693E-03 4.0529E-03 4.3479E-03 4.6637E-03 5.0093E-03 5.3923E-03 5.8170E-03 6.2799E-03 6.7633E-03 7.2679E-03 7.7981E-03 8.3671E-03 8.9520E-03 9.5398E-03 1.0143E-02 1.0777E-02 1.1477E-02 1.2274E-02 1.3191E-02 1.4231E-02 1.5261E-02 1.6187E-02 1.7026E-02 1.7840E-02 1.8824E-02 2.0083E-02 2.1585E-02 2.3254E-02 2.4792E-02 2.5645E-02 2.5902E-02 2.6288E-02 2.7421E-02 2.9496E-02 3.2044E-02 3.4566E-02 3.6322E-02 3.7725E-02 3.8937E-02 4.1067E-02 4.3431E-02 4.4349E-02 4.2714E-02 4.2270E-02 4.2849E-02 4.2465E-02 4.2631E-02 4.0436E-02 3.8744E-02 3.8265E-02 3.7078E-02 3.6149E-02
2.1056E-03 2.6337E-03 3.0773E-03 3.4591E-03 3.8003E-03 4.1221E-03 4.4460E-03 4.7794E-03 5.1259E-03 5.4934E-03 5.8961E-03 6.3391E-03 6.8107E-03 7.2871E-03 7.7832E-03 8.2917E-03 8.8012E-03 9.3172E-03 9.8475E-03 1.0421E-02 1.1077E-02 1.1819E-02 1.2662E-02 1.3560E-02 1.4467E-02 1.5295E-02 1.6029E-02 1.6758E-02 1.7637E-02 1.8824E-02 2.0364E-02 2.2026E-02 2.3397E-02 2.4041E-02 2.4135E-02 2.4533E-02 2.5630E-02 2.7245E-02 2.8893E-02 3.0617E-02 3.2351E-02 3.3594E-02 3.4452E-02 3.5783E-02 3.7914E-02 3.9504E-02 3.9316E-02 3.7588E-02 3.7981E-02 3.8299E-02 3.8009E-02 3.8328E-02 3.6523E-02 3.4806E-02 3.4385E-02 3.3302E-02 3.2729E-02
2.2845E-03 2.8701E-03 3.3557E-03 3.7734E-03 4.1476E-03 4.4973E-03 4.8456E-03 5.2010E-03 5.5699E-03 5.9545E-03 6.3603E-03 6.7916E-03 7.2397E-03 7.6849E-03 8.1438E-03 8.6109E-03 9.0875E-03 9.5911E-03 1.0138E-02 1.0747E-02 1.1435E-02 1.2184E-02 1.2955E-02 1.3698E-02 1.4402E-02 1.5125E-02 1.5940E-02 1.6888E-02 1.8019E-02 1.9371E-02 2.0877E-02 2.2107E-02 2.2607E-02 2.2671E-02 2.3062E-02 2.4102E-02 2.5527E-02 2.6819E-02 2.7849E-02 2.8916E-02 3.0031E-02 3.0918E-02 3.1839E-02 3.3522E-02 3.5162E-02 3.6066E-02 3.4953E-02 3.3629E-02 3.4378E-02 3.4592E-02 3.4245E-02 3.4550E-02 3.3041E-02 3.1292E-02 3.0936E-02 3.0113E-02 2.9548E-02
2.4720E-03 3.1106E-03 3.6352E-03 4.0847E-03 4.4876E-03 4.8568E-03 5.2194E-03 5.5815E-03 5.9523E-03 6.3334E-03 6.7258E-03 7.1242E-03 7.5310E-03 7.9496E-03 8.3931E-03 8.8592E-03 9.3562E-03 9.8986E-03 1.0486E-02 1.1100E-02 1.1726E-02 1.2368E-02 1.3008E-02 1.3655E-02 1.4372E-02 1.5257E-02 1.6311E-02 1.7480E-02 1.8742E-02 1.9912E-02 2.0796E-02 2.1244E-02 2.1335E-02 2.1688E-02 2.2755E-02 2.4139E-02 2.5299E-02 2.5995E-02 2.6470E-02 2.7212E-02 2.8078E-02 2.8806E-02 3.0038E-02 3.1459E-02 3.2701E-02 3.2848E-02 3.1199E-02 3.0612E-02 3.1369E-02 3.1331E-02 3.1148E-02 3.1516E-02 3.0148E-02 2.8433E-02 2.8055E-02 2.7443E-02 2.6856E-02
2.6548E-03 3.3442E-03 3.9065E-03 4.3776E-03 4.7913E-03 5.1639E-03 5.5258E-03 5.8776E-03 6.2252E-03 6.5804E-03 6.9482E-03 7.3256E-03 7.7193E-03 8.1427E-03 8.6026E-03 9.0966E-03 9.6313E-03 1.0186E-02 1.0738E-02 1.1280E-02 1.1806E-02 1.2350E-02 1.2991E-02 1.3762E-02 1.4675E-02 1.5743E-02 1.6892E-02 1.8053E-02 1.9061E-02 1.9672E-02 1.9930E-02 2.0137E-02 2.0578E-02 2.1501E-02 2.2800E-02 2.3973E-02 2.4610E-02 2.4779E-02 2.5149E-02 2.5888E-02 2.6524E-02 2.7352E-02 2.8456E-02 2.9568E-02 3.0463E-02 2.9816E-02 2.8265E-02 2.8271E-02 2.8855E-02 2.8712E-02 2.8790E-02 2.9272E-02 2.8005E-02 2.6228E-02 2.5829E-02 2.5200E-02 2.4579E-02
2.8140E-03 3.5515E-03 4.1468E-03 4.6288E-03 5.0377E-03 5.4004E-03 5.7398E-03 6.0674E-03 6.3943E-03 6.7330E-03 7.0907E-03 7.4807E-03 7.8918E-03 8.3382E-03 8.8184E-03 9.3228E-03 9.8391E-03 1.0334E-02 1.0799E-02 1.1261E-02 1.1780E-02 1.2416E-02 1.3216E-02 1.4154E-02 1.5195E-02 1.6296E-02 1.7333E-02 1.8135E-02 1.8609E-02 1.8812E-02 1.9046E-02 1.9555E-02 2.0475E-02 2.1604E-02 2.2631E-02 2.3320E-02 2.3466E-02 2.3525E-02 2.4039E-02 2.4690E-02 2.5325E-02 2.6199E-02 2.7002E-02 2.7920E-02 2.8242E-02 2.7068E-02 2.5946E-02 2.6319E-02 2.6712E-02 2.6619E-02 2.6874E-02 2.7335E-02 2.6223E-02 2.4455E-02 2.3951E-02 2.3378E-02 2.2670E-02
2.9441E-03 3.7182E-03 4.3337E-03 4.8143E-03 5.2110E-03 5.5595E-03 5.8794E-03 6.1973E-03 6.5264E-03 6.8737E-03 7.2486E-03 7.6545E-03 8.0849E-03 8.5406E-03 9.0150E-03 9.4843E-03 9.9316E-03 1.0349E-02 1.0775E-02 1.1278E-02 1.1927E-02 1.2734E-02 1.3659E-02 1.4650E-02 1.5680E-02 1.6622E-02 1.7287E-02 1.7593E-02 1.7727E-02 1.7991E-02 1.8594E-02 1.9522E-02 2.0601E-02 2.1535E-02 2.2084E-02 2.2266E-02 2.2228E-02 2.2452E-02 2.2990E-02 2.3526E-02 2.4202E-02 2.4886E-02 2.5609E-02 2.6418E-02 2.6135E-02 2.4802E-02 2.4225E-02 2.4742E-02 2.4899E-02 2.4904E-02 2.5275E-02 2.5672E-02 2.4635E-02 2.2957E-02 2.2354E-02 2.1834E-02 2.1111E-02
3.0441E-03 3.8424E-03 4.4652E-03 4.9408E-03 5.3288E-03 5.6718E-03 5.9999E-03 6.3386E-03 6.6850E-03 7.0471E-03 7.4311E-03 7.8342E-03 8.2602E-03 8.6940E-03 9.1244E-03 9.5278E-03 9.9234E-03 1.0356E-02 1.0877E-02 1.1529E-02 1.2293E-02 1.3165E-02 1.4119E-02 1.5076E-02 1.5918E-02 1.6484E-02 1.6719E-02 1.6790E-02 1.7013E-02 1.7575E-02 1.8490E-02 1.9562E-02 2.0538E-02 2.1140E-02 2.1200E-02 2.1076E-02 2.1154E-02 2.1561E-02 2.1992E-02 2.2489E-02 2.3070E-02 2.3575E-02 2.4399E-02 2.4866E-02 2.4048E-02 2.2909E-02 2.2871E-02 2.3378E-02 2.3382E-02 2.3442E-02 2.3907E-02 2.4277E-02 2.3242E-02 2.1600E-02 2.0940E-02 2.0510E-02 1.9853E-02
3.1128E-03 3.9261E-03 4.5585E-03 5.0434E-03 5.4410E-03 5.7962E-03 6.1440E-03 6.5042E-03 6.8673E-03 7.2313E-03 7.6009E-03 7.9846E-03 8.3737E-03 8.7550E-03 9.1409E-03 9.5359E-03 9.9799E-03 1.0523E-02 1.1181E-02 1.1940E-02 1.2749E-02 1.3613E-02 1.4494E-02 1.5206E-02 1.5673E-02 1.5875E-02 1.5919E-02 1.6126E-02 1.6666E-02 1.7491E-02 1.8478E-02 1.9415E-02 2.0089E-02 2.0284E-02 2.0090E-02 2.0027E-02 2.0233E-02 2.0620E-02 2.1030E-02 2.1507E-02 2.1886E-02 2.2465E-02 2.3311E-02 2.3263E-02 2.2125E-02 2.1290E-02 2.1656E-02 2.2057E-02 2.1966E-02 2.2185E-02 2.2711E-02 2.2968E-02 2.1957E-02 2.0411E-02 1.9701E-02 1.9345E-02 1.8759E-02
3.1639E-03 4.0025E-03 4.6553E-03 5.1620E-03 5.5807E-03 5.9546E-03 6.3107E-03 6.6674E-03 7.0240E-03 7.3678E-03 7.7041E-03 8.0409E-03 8.3839E-03 8.7443E-03 9.1593E-03 9.6439E-03 1.0212E-02 1.0872E-02 1.1604E-02 1.2379E-02 1.3172E-02 1.3914E-02 1.4543E-02 1.4913E-02 1.5064E-02 1.5130E-02 1.5298E-02 1.5804E-02 1.6613E-02 1.7541E-02 1.8391E-02 1.9045E-02 1.9331E-02 1.9222E-02 1.9038E-02 1.9134E-02 1.9383E-02 1.9726E-02 2.0155E-02 2.0490E-02 2.0798E-02 2.1542E-02 2.2132E-02 2.1709E-02 2.0572E-02 2.0055E-02 2.0558E-02 2.0765E-02 2.0621E-02 2.0904E-02 2.1451E-02 2.1665E-02 2.0723E-02 1.9314E-02 1.8599E-02 1.8288E-02 1.7794E-02
3.2318E-03 4.1067E-03 4.7859E-03 5.3168E-03 5.7435E-03 6.1120E-03 6.4547E-03 6.7855E-03 7.1106E-03 7.4248E-03 7.7290E-03 8.0248E-03 8.3590E-03 8.7821E-03 9.2982E-03 9.8925E-03 1.0562E-02 1.1286E-02 1.2037E-02 1.2761E-02 1.3398E-02 1.3867E-02 1.4181E-02 1.4325E-02 1.4414E-02 1.4610E-02 1.5065E-02 1.5805E-02 1.6711E-02 1.7530E-02 1.8098E-02 1.8371E-02 1.8337E-02 1.8161E-02 1.8154E-02 1.8321E-02 1.8547E-02 1.8913E-02 1.9289E-02 1.9494E-02 1.9946E-02 2.0726E-02 2.0920E-02 2.0225E-02 1.9267E-02 1.9048E-02 1.9506E-02 1.9529E-02 1.9368E-02 1.9628E-02 2.0170E-02 2.0397E-02 1.9552E-02 1.8299E-02 1.7605E-02 1.7351E-02 1.6922E-02
