inst/extdata/average_period_conc.grd
ncols       100
nrows       100
xllcorner      7.375160000E+05
yllcorner      5.081320000E+06
cellsize      5.000000000E+01
nodata_value         -9
[rows 75 to 99 of 100, columns 0 to 56 of 100]
3.3197E-03 4.2308E-03 4.9259E-03 5.4520E-03 5.8565E-03 6.1972E-03 6.5107E-03 6.8086E-03 7.1028E-03 7.4086E-03 7.7244E-03 8.0563E-03 8.4648E-03 8.9709E-03 9.5485E-03 1.0185E-02 1.0889E-02 1.1603E-02 1.2288E-02 1.2879E-02 1.3303E-02 1.3528E-02 1.3647E-02 1.3764E-02 1.3997E-02 1.4432E-02 1.5100E-02 1.5916E-02 1.6733E-02 1.7321E-02 1.7556E-02 1.7524E-02 1.7333E-02 1.7221E-02 1.7333E-02 1.7538E-02 1.7826E-02 1.8202E-02 1.8415E-02 1.8624E-02 1.9252E-02 1.9853E-02 1.9694E-02 1.8898E-02 1.8159E-02 1.8119E-02 1.8423E-02 1.8348E-02 1.8229E-02 1.8525E-02 1.9080E-02 1.9274E-02 1.8444E-02 1.7300E-02 1.6654E-02 1.6478E-02 1.6166E-02
3.3989E-03 4.3310E-03 5.0152E-03 5.5071E-03 5.8681E-03 6.1710E-03 6.4466E-03 6.7244E-03 7.0299E-03 7.3880E-03 7.7938E-03 8.2271E-03 8.7119E-03 9.2304E-03 9.7703E-03 1.0357E-02 1.0993E-02 1.1628E-02 1.2181E-02 1.2625E-02 1.2924E-02 1.3050E-02 1.3174E-02 1.3432E-02 1.3845E-02 1.4442E-02 1.5165E-02 1.5891E-02 1.6462E-02 1.6753E-02 1.6717E-02 1.6554E-02 1.6408E-02 1.6396E-02 1.6546E-02 1.6805E-02 1.7171E-02 1.7474E-02 1.7571E-02 1.7924E-02 1.8575E-02 1.8832E-02 1.8452E-02 1.7685E-02 1.7161E-02 1.7262E-02 1.7400E-02 1.7265E-02 1.7242E-02 1.7532E-02 1.8050E-02 1.8204E-02 1.7445E-02 1.6368E-02 1.5748E-02 1.5612E-02 1.5422E-02
3.4415E-03 4.3736E-03 5.0264E-03 5.4713E-03 5.7897E-03 6.0592E-03 6.3256E-03 6.6330E-03 7.0113E-03 7.4713E-03 7.9840E-03 8.4874E-03 8.9721E-03 9.4501E-03 9.9071E-03 1.0386E-02 1.0886E-02 1.1373E-02 1.1828E-02 1.2208E-02 1.2471E-02 1.2628E-02 1.2877E-02 1.3298E-02 1.3866E-02 1.4528E-02 1.5150E-02 1.5654E-02 1.5940E-02 1.5934E-02 1.5756E-02 1.5615E-02 1.5579E-02 1.5677E-02 1.5878E-02 1.6214E-02 1.6533E-02 1.6648E-02 1.6795E-02 1.7365E-02 1.7865E-02 1.7780E-02 1.7248E-02 1.6576E-02 1.6293E-02 1.6473E-02 1.6510E-02 1.6379E-02 1.6402E-02 1.6642E-02 1.7098E-02 1.7244E-02 1.6556E-02 1.5560E-02 1.4954E-02 1.4784E-02 1.4710E-02
3.4369E-03 4.3420E-03 4.9593E-03 5.3712E-03 5.6761E-03 5.9557E-03 6.2632E-03 6.6448E-03 7.1173E-03 7.6643E-03 8.2265E-03 8.7284E-03 9.1698E-03 9.5777E-03 9.9471E-03 1.0315E-02 1.0695E-02 1.1073E-02 1.1454E-02 1.1790E-02 1.2092E-02 1.2364E-02 1.2753E-02 1.3312E-02 1.3919E-02 1.4482E-02 1.4954E-02 1.5231E-02 1.5255E-02 1.5095E-02 1.4889E-02 1.4801E-02 1.4859E-02 1.5024E-02 1.5317E-02 1.5675E-02 1.5865E-02 1.5892E-02 1.6233E-02 1.6857E-02 1.7027E-02 1.6705E-02 1.6095E-02 1.5569E-02 1.5563E-02 1.5810E-02 1.5741E-02 1.5614E-02 1.5641E-02 1.5840E-02 1.6276E-02 1.6400E-02 1.5787E-02 1.4901E-02 1.4281E-02 1.4048E-02 1.4014E-02
3.3911E-03 4.2673E-03 4.8677E-03 5.2838E-03 5.6207E-03 5.9540E-03 6.3283E-03 6.7805E-03 7.3116E-03 7.8884E-03 8.4388E-03 8.8963E-03 9.2737E-03 9.5962E-03 9.8842E-03 1.0180E-02 1.0495E-02 1.0793E-02 1.1121E-02 1.1479E-02 1.1852E-02 1.2268E-02 1.2761E-02 1.3319E-02 1.3821E-02 1.4228E-02 1.4535E-02 1.4621E-02 1.4492E-02 1.4300E-02 1.4138E-02 1.4101E-02 1.4200E-02 1.4433E-02 1.4809E-02 1.5095E-02 1.5144E-02 1.5273E-02 1.5841E-02 1.6297E-02 1.6110E-02 1.5622E-02 1.5018E-02 1.4664E-02 1.4867E-02 1.5128E-02 1.5022E-02 1.4905E-02 1.4908E-02 1.5103E-02 1.5560E-02 1.5692E-02 1.5140E-02 1.4347E-02 1.3721E-02 1.3415E-02 1.3377E-02
3.3378E-03 4.2084E-03 4.8310E-03 5.2905E-03 5.6870E-03 6.0833E-03 6.5109E-03 6.9938E-03 7.5305E-03 8.0809E-03 8.5710E-03 8.9499E-03 9.2502E-03 9.5055E-03 9.7330E-03 9.9818E-03 1.0250E-02 1.0526E-02 1.0861E-02 1.1292E-02 1.1783E-02 1.2299E-02 1.2793E-02 1.3222E-02 1.3595E-02 1.3858E-02 1.3971E-02 1.3885E-02 1.3723E-02 1.3570E-02 1.3465E-02 1.3488E-02 1.3643E-02 1.3955E-02 1.4340E-02 1.4477E-02 1.4470E-02 1.4820E-02 1.5482E-02 1.5643E-02 1.5224E-02 1.4647E-02 1.4102E-02 1.3929E-02 1.4258E-02 1.4456E-02 1.4308E-02 1.4221E-02 1.4210E-02 1.4416E-02 1.4881E-02 1.5040E-02 1.4545E-02 1.3822E-02 1.3214E-02 1.2850E-02 1.2806E-02
3.3218E-03 4.2166E-03 4.8907E-03 5.4110E-03 5.8660E-03 6.3041E-03 6.7561E-03 7.2347E-03 7.7324E-03 8.2025E-03 8.5988E-03 8.9020E-03 9.1370E-03 9.3459E-03 9.5449E-03 9.7554E-03 9.9887E-03 1.0274E-02 1.0684E-02 1.1229E-02 1.1822E-02 1.2333E-02 1.2715E-02 1.3017E-02 1.3262E-02 1.3359E-02 1.3299E-02 1.3159E-02 1.3002E-02 1.2910E-02 1.2904E-02 1.2966E-02 1.3166E-02 1.3520E-02 1.3797E-02 1.3862E-02 1.3995E-02 1.4552E-02 1.5066E-02 1.4953E-02 1.4428E-02 1.3824E-02 1.3364E-02 1.3350E-02 1.3749E-02 1.3891E-02 1.3719E-02 1.3616E-02 1.3548E-02 1.3765E-02 1.4262E-02 1.4436E-02 1.4031E-02 1.3337E-02 1.2734E-02 1.2351E-02 1.2315E-02
3.3733E-03 4.3188E-03 5.0472E-03 5.6118E-03 6.0986E-03 6.5498E-03 6.9938E-03 7.4384E-03 7.8536E-03 8.2219E-03 8.5344E-03 8.7811E-03 8.9759E-03 9.1397E-03 9.3219E-03 9.5164E-03 9.7561E-03 1.0102E-02 1.0618E-02 1.1257E-02 1.1849E-02 1.2254E-02 1.2512E-02 1.2720E-02 1.2837E-02 1.2766E-02 1.2618E-02 1.2508E-02 1.2423E-02 1.2402E-02 1.2432E-02 1.2532E-02 1.2773E-02 1.3093E-02 1.3248E-02 1.3349E-02 1.3718E-02 1.4299E-02 1.4531E-02 1.4238E-02 1.3721E-02 1.3133E-02 1.2776E-02 1.2928E-02 1.3323E-02 1.3370E-02 1.3159E-02 1.3037E-02 1.2936E-02 1.3166E-02 1.3669E-02 1.3882E-02 1.3523E-02 1.2870E-02 1.2280E-02 1.1912E-02 1.1871E-02
3.4902E-03 4.4869E-03 5.2509E-03 5.8365E-03 6.3228E-03 6.7504E-03 7.1442E-03 7.5228E-03 7.8592E-03 8.1566E-03 8.4178E-03 8.6189E-03 8.7854E-03 8.9244E-03 9.0899E-03 9.2996E-03 9.6034E-03 1.0047E-02 1.0641E-02 1.1273E-02 1.1772E-02 1.2060E-02 1.2218E-02 1.2313E-02 1.2278E-02 1.2128E-02 1.1997E-02 1.1933E-02 1.1947E-02 1.1996E-02 1.2062E-02 1.2218E-02 1.2452E-02 1.2641E-02 1.2742E-02 1.2970E-02 1.3522E-02 1.3963E-02 1.3935E-02 1.3559E-02 1.3060E-02 1.2526E-02 1.2308E-02 1.2599E-02 1.2928E-02 1.2853E-02 1.2612E-02 1.2452E-02 1.2367E-02 1.2613E-02 1.3101E-02 1.3326E-02 1.3004E-02 1.2403E-02 1.1854E-02 1.1500E-02 1.1431E-02
3.6305E-03 4.6660E-03 5.4474E-03 6.0298E-03 6.4795E-03 6.8548E-03 7.1879E-03 7.5057E-03 7.7960E-03 8.0559E-03 8.2750E-03 8.4383E-03 8.5864E-03 8.7257E-03 8.8992E-03 9.1693E-03 9.5564E-03 1.0055E-02 1.0650E-02 1.1203E-02 1.1598E-02 1.1785E-02 1.1844E-02 1.1810E-02 1.1689E-02 1.1556E-02 1.1487E-02 1.1511E-02 1.1595E-02 1.1668E-02 1.1760E-02 1.1948E-02 1.2133E-02 1.2202E-02 1.2327E-02 1.2721E-02 1.3285E-02 1.3507E-02 1.3308E-02 1.2917E-02 1.2437E-02 1.1974E-02 1.1901E-02 1.2257E-02 1.2524E-02 1.2363E-02 1.2115E-02 1.1905E-02 1.1863E-02 1.2144E-02 1.2592E-02 1.2787E-02 1.2500E-02 1.1929E-02 1.1413E-02 1.1082E-02 1.0988E-02
3.7453E-03 4.8041E-03 5.5770E-03 6.1258E-03 6.5250E-03 6.8623E-03 7.1684E-03 7.4560E-03 7.7055E-03 7.9230E-03 8.1148E-03 8.2667E-03 8.4089E-03 8.5702E-03 8.8014E-03 9.1455E-03 9.5891E-03 1.0065E-02 1.0562E-02 1.1007E-02 1.1319E-02 1.1437E-02 1.1370E-02 1.1242E-02 1.1116E-02 1.1058E-02 1.1097E-02 1.1227E-02 1.1335E-02 1.1413E-02 1.1512E-02 1.1637E-02 1.1712E-02 1.1764E-02 1.2026E-02 1.2542E-02 1.2968E-02 1.2979E-02 1.2695E-02 1.2268E-02 1.1820E-02 1.1500E-02 1.1593E-02 1.1960E-02 1.2082E-02 1.1861E-02 1.1605E-02 1.1429E-02 1.1420E-02 1.1712E-02 1.2132E-02 1.2292E-02 1.2024E-02 1.1516E-02 1.1019E-02 1.0695E-02 1.0584E-02
3.8238E-03 4.8924E-03 5.6381E-03 6.1441E-03 6.5100E-03 6.8319E-03 7.1294E-03 7.3898E-03 7.6122E-03 7.7996E-03 7.9683E-03 8.1048E-03 8.2641E-03 8.4811E-03 8.7881E-03 9.1836E-03 9.6237E-03 1.0037E-02 1.0443E-02 1.0796E-02 1.0975E-02 1.0969E-02 1.0849E-02 1.0710E-02 1.0644E-02 1.0678E-02 1.0802E-02 1.0976E-02 1.1099E-02 1.1163E-02 1.1236E-02 1.1295E-02 1.1324E-02 1.1460E-02 1.1873E-02 1.2368E-02 1.2576E-02 1.2438E-02 1.2109E-02 1.1709E-02 1.1317E-02 1.1125E-02 1.1360E-02 1.1691E-02 1.1690E-02 1.1418E-02 1.1191E-02 1.1032E-02 1.1032E-02 1.1318E-02 1.1706E-02 1.1860E-02 1.1601E-02 1.1113E-02 1.0654E-02 1.0312E-02 1.0172E-02
3.8548E-03 4.9076E-03 5.6290E-03 6.1297E-03 6.4956E-03 6.8026E-03 7.0805E-03 7.3064E-03 7.4989E-03 7.6649E-03 7.8216E-03 7.9730E-03 8.1786E-03 8.4642E-03 8.8131E-03 9.2079E-03 9.6008E-03 9.9609E-03 1.0309E-02 1.0555E-02 1.0575E-02 1.0452E-02 1.0309E-02 1.0228E-02 1.0274E-02 1.0415E-02 1.0588E-02 1.0751E-02 1.0855E-02 1.0902E-02 1.0935E-02 1.0972E-02 1.1030E-02 1.1311E-02 1.1805E-02 1.2113E-02 1.2079E-02 1.1846E-02 1.1526E-02 1.1183E-02 1.0882E-02 1.0851E-02 1.1158E-02 1.1401E-02 1.1308E-02 1.1010E-02 1.0805E-02 1.0662E-02 1.0696E-02 1.0948E-02 1.1294E-02 1.1405E-02 1.1180E-02 1.0728E-02 1.0311E-02 9.9320E-03 9.7504E-03
3.8345E-03 4.8731E-03 5.5951E-03 6.1031E-03 6.4718E-03 6.7597E-03 7.0025E-03 7.1923E-03 7.3575E-03 7.5143E-03 7.6899E-03 7.8995E-03 8.1692E-03 8.4923E-03 8.8283E-03 9.1759E-03 9.5243E-03 9.8502E-03 1.0128E-02 1.0238E-02 1.0155E-02 9.9915E-03 9.8721E-03 9.8581E-03 9.9874E-03 1.0209E-02 1.0404E-02 1.0542E-02 1.0618E-02 1.0620E-02 1.0616E-02 1.0647E-02 1.0818E-02 1.1209E-02 1.1657E-02 1.1755E-02 1.1543E-02 1.1262E-02 1.0984E-02 1.0718E-02 1.0536E-02 1.0653E-02 1.0953E-02 1.1080E-02 1.0904E-02 1.0617E-02 1.0429E-02 1.0302E-02 1.0390E-02 1.0622E-02 1.0887E-02 1.0954E-02 1.0737E-02 1.0339E-02 9.9686E-03 9.6172E-03 9.4090E-03
3.7965E-03 4.8401E-03 5.5657E-03 6.0711E-03 6.4287E-03 6.6938E-03 6.9054E-03 7.0781E-03 7.2312E-03 7.4056E-03 7.6253E-03 7.8910E-03 8.2007E-03 8.5167E-03 8.8041E-03 9.0978E-03 9.4261E-03 9.7111E-03 9.8883E-03 9.8907E-03 9.7542E-03 9.6322E-03 9.5585E-03 9.6091E-03 9.7778E-03 9.9846E-03 1.0183E-02 1.0311E-02 1.0344E-02 1.0318E-02 1.0305E-02 1.0403E-02 1.0712E-02 1.1098E-02 1.1378E-02 1.1303E-02 1.1024E-02 1.0750E-02 1.0509E-02 1.0298E-02 1.0251E-02 1.0470E-02 1.0736E-02 1.0761E-02 1.0526E-02 1.0239E-02 1.0055E-02 9.9729E-03 1.0094E-02 1.0317E-02 1.0518E-02 1.0532E-02 1.0315E-02 9.9609E-03 9.6294E-03 9.3256E-03 9.0954E-03
3.7642E-03 4.8066E-03 5.5267E-03 6.0143E-03 6.3517E-03 6.6020E-03 6.7959E-03 6.9687E-03 7.1488E-03 7.3673E-03 7.6359E-03 7.9290E-03 8.2276E-03 8.5026E-03 8.7499E-03 9.0251E-03 9.3150E-03 9.5172E-03 9.5883E-03 9.5290E-03 9.3921E-03 9.2948E-03 9.2756E-03 9.3822E-03 9.5688E-03 9.7448E-03 9.9360E-03 1.0059E-02 1.0086E-02 1.0051E-02 1.0048E-02 1.0227E-02 1.0626E-02 1.0973E-02 1.1052E-02 1.0830E-02 1.0528E-02 1.0273E-02 1.0059E-02 9.9193E-03 9.9890E-03 1.0285E-02 1.0518E-02 1.0443E-02 1.0177E-02 9.9078E-03 9.7229E-03 9.6673E-03 9.8038E-03 1.0034E-02 1.0189E-02 1.0142E-02 9.9180E-03 9.6191E-03 9.2972E-03 9.0185E-03 8.7972E-03
3.7348E-03 4.7661E-03 5.4654E-03 5.9270E-03 6.2451E-03 6.4851E-03 6.6883E-03 6.8868E-03 7.1126E-03 7.3784E-03 7.6686E-03 7.9506E-03 8.2087E-03 8.4599E-03 8.7109E-03 8.9685E-03 9.1780E-03 9.2808E-03 9.2766E-03 9.1929E-03 9.0812E-03 9.0143E-03 9.0425E-03 9.1810E-03 9.3768E-03 9.5474E-03 9.6969E-03 9.7878E-03 9.8061E-03 9.7839E-03 9.8634E-03 1.0139E-02 1.0525E-02 1.0751E-02 1.0672E-02 1.0371E-02 1.0055E-02 9.7948E-03 9.6270E-03 9.5693E-03 9.7588E-03 1.0097E-02 1.0259E-02 1.0114E-02 9.8135E-03 9.5623E-03 9.3854E-03 9.3603E-03 9.5097E-03 9.7360E-03 9.8533E-03 9.7848E-03 9.5560E-03 9.2660E-03 8.9825E-03 8.7132E-03 8.4955E-03
3.6962E-03 4.6998E-03 5.3735E-03 5.8189E-03 6.1348E-03 6.3869E-03 6.6201E-03 6.8583E-03 7.1253E-03 7.4141E-03 7.6821E-03 7.9271E-03 8.1651E-03 8.4222E-03 8.6716E-03 8.8780E-03 8.9955E-03 9.0191E-03 8.9730E-03 8.8772E-03 8.7786E-03 8.7541E-03 8.8391E-03 9.0171E-03 9.1853E-03 9.3080E-03 9.4126E-03 9.4641E-03 9.4939E-03 9.5526E-03 9.7713E-03 1.0090E-02 1.0381E-02 1.0434E-02 1.0244E-02 9.9148E-03 9.5603E-03 9.3334E-03 9.2200E-03 9.2439E-03 9.5191E-03 9.8634E-03 9.9398E-03 9.7455E-03 9.4735E-03 9.2317E-03 9.0543E-03 9.0598E-03 9.2205E-03 9.4174E-03 9.5063E-03 9.4122E-03 9.2068E-03 8.9364E-03 8.6851E-03 8.4278E-03 8.1928E-03
3.6259E-03 4.6012E-03 5.2531E-03 5.6963E-03 6.0310E-03 6.3215E-03 6.5906E-03 6.8668E-03 7.1509E-03 7.4229E-03 7.6516E-03 7.8712E-03 8.1190E-03 8.3802E-03 8.5816E-03 8.6933E-03 8.7258E-03 8.7152E-03 8.6559E-03 8.5435E-03 8.4493E-03 8.4633E-03 8.6143E-03 8.8082E-03 8.9361E-03 9.0104E-03 9.0751E-03 9.1107E-03 9.1921E-03 9.3804E-03 9.6832E-03 9.9890E-03 1.0165E-02 1.0078E-02 9.8238E-03 9.4510E-03 9.1212E-03 8.9428E-03 8.8601E-03 8.9664E-03 9.2917E-03 9.5742E-03 9.5749E-03 9.3485E-03 9.1129E-03 8.8903E-03 8.7392E-03 8.7713E-03 8.9402E-03 9.1182E-03 9.1895E-03 9.0637E-03 8.8569E-03 8.5922E-03 8.3617E-03 8.1311E-03 7.9044E-03
3.5345E-03 4.4900E-03 5.1210E-03 5.5669E-03 5.9303E-03 6.2602E-03 6.5636E-03 6.8530E-03 7.1233E-03 7.3515E-03 7.5607E-03 7.7806E-03 8.0307E-03 8.2470E-03 8.3680E-03 8.4130E-03 8.4020E-03 8.3692E-03 8.2998E-03 8.1943E-03 8.1282E-03 8.1965E-03 8.3922E-03 8.5658E-03 8.6503E-03 8.6864E-03 8.7310E-03 8.8009E-03 8.9552E-03 9.2396E-03 9.5759E-03 9.8118E-03 9.8569E-03 9.6928E-03 9.4285E-03 9.0533E-03 8.7515E-03 8.5954E-03 8.5496E-03 8.7209E-03 9.0488E-03 9.2734E-03 9.2035E-03 8.9574E-03 8.7344E-03 8.5571E-03 8.4261E-03 8.4650E-03 8.6456E-03 8.8235E-03 8.8750E-03 8.7524E-03 8.5199E-03 8.2508E-03 8.0292E-03 7.8152E-03 7.6155E-03
3.4237E-03 4.3584E-03 4.9867E-03 5.4435E-03 5.8291E-03 6.1806E-03 6.4880E-03 6.7562E-03 6.9917E-03 7.1995E-03 7.4138E-03 7.6418E-03 7.8542E-03 7.9898E-03 8.0337E-03 8.0525E-03 8.0354E-03 7.9784E-03 7.8910E-03 7.8304E-03 7.8504E-03 7.9743E-03 8.1567E-03 8.2790E-03 8.3174E-03 8.3332E-03 8.3656E-03 8.4770E-03 8.7283E-03 9.0735E-03 9.3862E-03 9.5312E-03 9.4775E-03 9.2589E-03 8.9934E-03 8.6638E-03 8.4074E-03 8.2834E-03 8.3106E-03 8.5326E-03 8.8289E-03 8.9390E-03 8.8066E-03 8.5695E-03 8.3529E-03 8.1987E-03 8.0885E-03 8.1416E-03 8.3228E-03 8.5133E-03 8.5611E-03 8.4241E-03 8.1896E-03 7.9315E-03 7.6951E-03 7.4633E-03 7.2857E-03
3.2725E-03 4.1829E-03 4.8160E-03 5.2896E-03 5.6867E-03 6.0273E-03 6.2980E-03 6.5210E-03 6.7344E-03 6.9551E-03 7.1748E-03 7.3793E-03 7.5246E-03 7.5887E-03 7.6004E-03 7.6012E-03 7.5794E-03 7.5152E-03 7.4388E-03 7.4350E-03 7.5354E-03 7.6825E-03 7.8266E-03 7.9001E-03 7.9242E-03 7.9432E-03 7.9931E-03 8.1542E-03 8.4574E-03 8.8156E-03 9.0601E-03 9.1112E-03 8.9950E-03 8.7959E-03 8.5648E-03 8.2858E-03 8.0608E-03 7.9836E-03 8.0793E-03 8.3375E-03 8.5643E-03 8.5422E-03 8.3648E-03 8.1573E-03 7.9562E-03 7.8073E-03 7.6959E-03 7.7711E-03 7.9653E-03 8.1515E-03 8.1855E-03 8.0488E-03 7.8237E-03 7.5501E-03 7.3004E-03 7.0775E-03 6.9115E-03
3.0569E-03 3.9300E-03 4.5456E-03 5.0118E-03 5.3862E-03 5.6808E-03 5.9098E-03 6.1092E-03 6.3207E-03 6.5392E-03 6.7258E-03 6.8718E-03 6.9605E-03 6.9997E-03 7.0150E-03 7.0039E-03 6.9684E-03 6.9056E-03 6.8828E-03 6.9472E-03 7.0727E-03 7.2000E-03 7.2975E-03 7.3474E-03 7.3820E-03 7.4141E-03 7.5020E-03 7.7226E-03 8.0487E-03 8.3409E-03 8.4854E-03 8.4703E-03 8.3355E-03 8.1739E-03 7.9641E-03 7.7107E-03 7.5576E-03 7.5382E-03 7.6774E-03 7.9244E-03 8.0867E-03 7.9868E-03 7.7929E-03 7.6194E-03 7.4304E-03 7.3086E-03 7.2275E-03 7.2903E-03 7.4749E-03 7.6446E-03 7.6540E-03 7.5183E-03 7.3136E-03 7.0482E-03 6.7918E-03 6.5923E-03 6.4390E-03
2.7213E-03 3.5143E-03 4.0745E-03 4.4932E-03 4.8094E-03 5.0430E-03 5.2348E-03 5.4289E-03 5.6364E-03 5.8176E-03 5.9432E-03 6.0269E-03 6.0810E-03 6.1274E-03 6.1607E-03 6.1381E-03 6.0805E-03 6.0369E-03 6.0708E-03 6.1629E-03 6.2747E-03 6.3810E-03 6.4315E-03 6.4643E-03 6.5144E-03 6.5766E-03 6.6984E-03 6.9502E-03 7.2553E-03 7.4343E-03 7.4808E-03 7.4192E-03 7.3019E-03 7.1733E-03 6.9870E-03 6.7757E-03 6.6818E-03 6.7052E-03 6.8457E-03 7.0615E-03 7.1556E-03 7.0435E-03 6.8603E-03 6.7039E-03 6.5728E-03 6.5069E-03 6.4619E-03 6.5301E-03 6.6883E-03 6.8340E-03 6.8177E-03 6.6984E-03 6.5250E-03 6.2977E-03 6.0702E-03 5.8599E-03 5.7179E-03
2.1749E-03 2.8012E-03 3.2463E-03 3.5712E-03 3.8087E-03 3.9814E-03 4.1281E-03 4.2888E-03 4.4541E-03 4.5715E-03 4.6363E-03 4.6761E-03 4.7183E-03 4.7668E-03 4.8002E-03 4.7701E-03 4.7028E-03 4.6804E-03 4.7374E-03 4.8210E-03 4.8998E-03 4.9681E-03 4.9888E-03 5.0071E-03 5.0527E-03 5.1201E-03 5.2446E-03 5.4542E-03 5.6697E-03 5.7546E-03 5.7418E-03 5.6777E-03 5.6027E-03 5.5107E-03 5.3699E-03 5.2268E-03 5.1711E-03 5.1979E-03 5.3038E-03 5.4396E-03 5.4799E-03 5.3868E-03 5.2440E-03 5.1318E-03 5.0761E-03 5.0640E-03 5.0345E-03 5.0771E-03 5.1840E-03 5.2872E-03 5.2611E-03 5.1728E-03 5.0552E-03 4.8898E-03 4.7249E-03 4.5553E-03 4.4525E-03
