inst/extdata/max1h_tv1a_surfer.grd
DSAA
         101          101
 735634.0000  740634.0000
5071041.0000 5076041.0000
  0.2218E+00   0.2274E+02
[rows 75 to 99 of 101, columns 0 to 56 of 101]
8.8080E-01 1.0606E+00 1.1382E+00 1.2611E+00 1.3236E+00 1.4123E+00 1.4570E+00 1.4712E+00 1.6303E+00 1.9493E+00 2.2934E+00 2.5702E+00 2.6579E+00 2.5730E+00 2.4141E+00 2.2052E+00 2.7589E+00 3.3980E+00 3.1368E+00 3.4958E+00 3.6736E+00 3.6148E+00 3.4605E+00 3.1377E+00 3.3609E+00 3.0955E+00 2.9958E+00 3.5486E+00 4.1772E+00 4.7241E+00 5.1372E+00 5.3925E+00 5.4613E+00 5.3399E+00 5.0691E+00 4.6421E+00 4.0517E+00 3.3771E+00 2.6523E+00 2.4714E+00 2.3550E+00 2.3987E+00 3.5659E+00 4.0744E+00 3.6166E+00 3.0925E+00 3.3998E+00 3.5444E+00 3.4057E+00 3.2941E+00 3.8096E+00 3.9711E+00 3.6657E+00 3.0082E+00 2.2424E+00 2.0565E+00 2.4983E+00
6.8678E-01 8.5716E-01 1.0020E+00 1.1736E+00 1.2762E+00 1.3332E+00 1.3743E+00 1.4219E+00 1.4904E+00 1.7914E+00 2.0948E+00 2.3439E+00 2.4496E+00 2.4079E+00 2.2955E+00 2.8444E+00 3.4147E+00 3.9261E+00 3.3687E+00 3.4517E+00 3.3041E+00 3.3927E+00 3.9807E+00 2.9908E+00 2.7273E+00 2.7868E+00 3.2867E+00 3.8525E+00 4.4651E+00 4.9601E+00 5.2870E+00 5.4192E+00 5.3411E+00 5.0729E+00 4.6796E+00 4.1939E+00 3.6176E+00 3.0061E+00 2.3850E+00 2.2586E+00 2.1227E+00 2.7364E+00 3.5293E+00 3.4612E+00 2.6627E+00 2.1899E+00 2.3478E+00 2.3707E+00 2.1994E+00 2.6623E+00 2.9278E+00 2.8647E+00 2.8343E+00 2.6902E+00 1.9594E+00 1.9445E+00 2.3486E+00
6.3227E-01 8.1863E-01 9.8408E-01 1.2118E+00 1.4486E+00 1.6608E+00 1.7980E+00 1.8716E+00 1.9284E+00 1.8907E+00 1.8471E+00 1.9896E+00 2.0681E+00 2.4397E+00 2.9604E+00 3.4639E+00 3.8759E+00 4.1138E+00 3.2564E+00 3.0473E+00 3.3080E+00 3.6284E+00 3.6109E+00 2.3452E+00 2.4824E+00 2.9292E+00 3.4238E+00 3.9625E+00 4.5222E+00 4.9432E+00 5.1812E+00 5.2132E+00 5.0337E+00 4.6788E+00 4.2254E+00 3.7326E+00 3.2056E+00 2.6737E+00 2.3187E+00 2.2878E+00 2.1713E+00 2.8236E+00 3.2229E+00 2.8422E+00 2.1351E+00 1.8683E+00 2.1076E+00 2.0525E+00 1.9220E+00 2.0555E+00 2.1623E+00 2.2418E+00 2.6081E+00 2.4929E+00 1.7821E+00 1.7177E+00 2.1401E+00
7.0833E-01 8.5596E-01 1.0686E+00 1.5058E+00 1.8535E+00 2.1546E+00 2.3377E+00 2.4086E+00 2.2156E+00 2.1534E+00 2.1142E+00 2.1625E+00 2.5460E+00 2.3503E+00 2.7185E+00 2.9845E+00 3.1009E+00 3.0257E+00 2.2622E+00 2.3811E+00 2.4431E+00 2.2751E+00 2.0837E+00 2.2004E+00 2.5577E+00 2.9783E+00 3.4328E+00 3.9124E+00 4.3605E+00 4.6918E+00 4.8444E+00 4.7991E+00 4.5608E+00 4.1562E+00 3.7020E+00 3.2471E+00 2.7952E+00 2.4643E+00 2.8088E+00 2.7766E+00 2.6123E+00 3.0127E+00 3.1174E+00 2.5590E+00 1.9518E+00 1.8399E+00 1.9975E+00 1.9070E+00 1.9025E+00 1.9711E+00 2.0234E+00 2.3895E+00 2.7377E+00 2.9308E+00 2.1037E+00 1.7563E+00 2.3387E+00
7.2046E-01 8.6362E-01 1.1364E+00 1.6017E+00 1.9727E+00 2.2744E+00 2.4414E+00 2.4870E+00 2.2788E+00 2.2286E+00 2.2312E+00 2.5446E+00 3.0602E+00 2.7023E+00 2.9416E+00 3.0081E+00 2.8868E+00 2.7122E+00 2.2503E+00 2.2613E+00 2.0458E+00 1.9412E+00 1.9959E+00 2.1168E+00 2.4270E+00 2.7772E+00 3.1470E+00 3.5245E+00 3.8625E+00 4.0954E+00 4.1775E+00 4.0963E+00 3.8654E+00 3.5111E+00 3.1275E+00 2.7602E+00 2.4044E+00 2.7522E+00 3.1950E+00 3.2090E+00 2.9570E+00 2.8770E+00 2.7682E+00 2.0998E+00 1.7188E+00 1.6252E+00 1.7366E+00 1.6770E+00 1.7070E+00 1.6848E+00 1.7109E+00 2.0512E+00 2.5482E+00 2.7421E+00 1.9961E+00 1.6994E+00 2.0194E+00
7.0025E-01 9.0661E-01 1.1835E+00 1.6199E+00 1.9512E+00 2.1975E+00 2.3207E+00 2.3396E+00 2.1501E+00 2.1274E+00 2.5098E+00 2.9554E+00 3.3575E+00 2.7999E+00 2.8509E+00 2.7069E+00 2.5799E+00 2.7548E+00 1.9898E+00 1.8055E+00 1.8050E+00 1.8575E+00 1.8750E+00 1.9373E+00 2.1804E+00 2.4404E+00 2.7068E+00 2.9684E+00 3.2219E+00 3.3305E+00 3.3602E+00 3.2710E+00 3.0793E+00 2.8070E+00 2.5197E+00 2.2545E+00 1.9976E+00 2.8200E+00 3.3602E+00 3.4296E+00 3.0965E+00 2.6367E+00 2.3559E+00 1.7615E+00 1.6617E+00 1.5455E+00 1.5586E+00 1.5773E+00 1.8046E+00 1.7587E+00 1.7443E+00 2.0325E+00 2.3722E+00 2.5671E+00 1.9884E+00 1.7902E+00 1.7694E+00
7.6044E-01 9.7907E-01 1.2130E+00 1.5894E+00 1.8489E+00 2.0205E+00 2.0945E+00 2.0945E+00 2.0761E+00 2.4644E+00 2.8482E+00 3.1547E+00 3.3496E+00 2.6143E+00 2.4733E+00 2.5149E+00 2.4813E+00 2.3219E+00 1.5743E+00 1.6291E+00 1.6727E+00 1.6920E+00 1.6763E+00 1.6948E+00 1.8672E+00 2.0399E+00 2.3054E+00 2.7640E+00 2.9819E+00 2.8181E+00 2.5565E+00 2.4767E+00 2.3361E+00 2.1501E+00 1.9605E+00 1.7891E+00 1.8101E+00 2.5923E+00 3.1466E+00 3.2483E+00 2.8980E+00 2.2826E+00 1.8682E+00 1.6340E+00 1.5565E+00 1.4458E+00 1.5034E+00 1.7022E+00 1.8105E+00 1.7318E+00 1.8629E+00 2.0743E+00 2.1355E+00 2.3448E+00 2.2105E+00 2.0071E+00 1.5830E+00
7.9787E-01 1.0366E+00 1.2377E+00 1.5445E+00 1.7279E+00 1.8336E+00 1.8746E+00 2.1679E+00 2.4148E+00 2.7470E+00 2.9929E+00 3.0967E+00 3.0504E+00 2.3222E+00 2.4272E+00 2.3142E+00 2.0268E+00 1.7073E+00 1.4549E+00 1.4810E+00 1.4949E+00 1.4815E+00 1.4382E+00 1.4336E+00 1.8462E+00 2.1775E+00 2.3147E+00 2.5290E+00 2.5176E+00 2.2606E+00 1.8997E+00 1.8341E+00 1.7358E+00 1.6145E+00 1.4956E+00 1.3922E+00 1.9691E+00 2.1780E+00 2.6400E+00 2.7175E+00 2.3981E+00 1.8653E+00 1.4834E+00 1.5014E+00 1.4476E+00 1.4290E+00 1.5065E+00 1.5720E+00 1.6756E+00 1.8632E+00 1.9609E+00 1.9806E+00 1.9376E+00 2.0178E+00 1.8649E+00 1.6493E+00 1.4717E+00
8.4702E-01 1.1206E+00 1.3686E+00 1.5191E+00 1.6391E+00 1.6933E+00 2.0155E+00 2.3858E+00 1.9872E+00 2.1634E+00 2.2188E+00 2.1365E+00 2.0849E+00 1.6694E+00 1.5927E+00 1.4887E+00 1.3175E+00 1.3333E+00 1.3636E+00 1.3599E+00 1.3433E+00 1.3010E+00 1.3745E+00 1.8499E+00 2.1804E+00 2.2060E+00 2.1946E+00 2.1991E+00 2.1092E+00 1.8292E+00 1.5667E+00 1.5634E+00 1.4929E+00 1.4243E+00 1.7540E+00 2.3597E+00 2.5928E+00 2.1764E+00 2.5623E+00 2.5899E+00 2.2686E+00 1.8786E+00 1.9672E+00 2.4241E+00 2.3325E+00 2.2190E+00 2.0596E+00 2.0350E+00 2.9509E+00 3.0846E+00 2.8450E+00 2.9559E+00 2.8675E+00 3.8894E+00 3.0653E+00 2.3380E+00 2.2166E+00
9.4987E-01 1.2475E+00 1.4605E+00 1.5709E+00 1.6473E+00 1.8964E+00 2.2089E+00 2.5067E+00 2.0183E+00 2.0835E+00 2.0047E+00 1.9499E+00 1.8908E+00 1.5500E+00 1.4462E+00 1.2286E+00 1.2154E+00 1.2097E+00 1.3217E+00 1.2887E+00 1.1475E+00 1.3238E+00 1.7356E+00 2.0901E+00 2.0725E+00 2.0017E+00 2.0498E+00 1.9872E+00 1.7559E+00 1.4330E+00 1.4203E+00 1.4202E+00 1.3569E+00 1.7717E+00 2.0918E+00 2.0163E+00 1.9571E+00 2.2520E+00 2.3790E+00 2.1076E+00 1.8317E+00 1.9067E+00 1.9101E+00 2.2851E+00 2.1807E+00 1.9411E+00 1.8166E+00 2.1739E+00 2.9665E+00 2.9660E+00 2.6278E+00 2.3632E+00 2.5245E+00 3.1964E+00 2.4083E+00 2.0881E+00 1.9558E+00
1.0381E+00 1.3213E+00 1.5288E+00 1.6010E+00 1.7979E+00 2.0549E+00 2.2805E+00 2.4499E+00 1.8853E+00 1.8370E+00 1.7767E+00 1.6916E+00 1.6845E+00 1.3224E+00 1.1906E+00 1.1044E+00 1.0835E+00 1.1681E+00 1.2226E+00 1.0964E+00 1.2390E+00 1.6138E+00 1.9390E+00 1.9983E+00 1.9264E+00 1.9722E+00 2.0431E+00 1.8844E+00 1.5247E+00 1.2600E+00 1.3176E+00 1.3225E+00 1.5818E+00 2.1540E+00 1.9063E+00 1.7430E+00 2.1022E+00 2.3217E+00 2.3652E+00 2.0220E+00 2.0574E+00 2.0407E+00 1.9218E+00 2.1711E+00 1.9291E+00 1.8130E+00 2.1233E+00 2.3705E+00 2.9990E+00 2.8592E+00 2.4795E+00 2.2611E+00 2.5878E+00 2.8379E+00 2.2980E+00 2.2016E+00 1.8970E+00
1.0629E+00 1.3397E+00 1.5270E+00 1.7055E+00 1.9476E+00 2.1153E+00 2.2134E+00 2.4294E+00 1.6193E+00 1.6090E+00 1.5921E+00 1.4857E+00 1.4111E+00 1.1592E+00 1.0694E+00 9.6392E-01 9.4635E-01 9.9503E-01 9.8553E-01 1.1791E+00 1.4536E+00 1.7825E+00 1.8471E+00 1.8529E+00 1.9740E+00 1.9192E+00 1.8254E+00 1.6037E+00 1.2820E+00 1.1840E+00 1.2465E+00 1.6452E+00 1.8620E+00 2.0043E+00 1.5232E+00 1.9191E+00 2.2088E+00 2.3036E+00 2.2765E+00 2.0840E+00 2.1969E+00 2.0680E+00 1.8627E+00 1.9585E+00 1.8378E+00 2.1691E+00 2.4283E+00 2.5860E+00 3.0111E+00 2.7326E+00 2.3625E+00 2.4695E+00 2.5302E+00 2.5240E+00 2.1026E+00 1.9861E+00 1.9125E+00
9.9023E-01 1.2802E+00 1.6088E+00 1.8220E+00 1.9930E+00 2.0808E+00 2.1790E+00 2.2870E+00 1.5043E+00 1.5339E+00 1.4195E+00 1.5153E+00 1.4841E+00 1.0565E+00 9.0628E-01 8.4386E-01 8.0129E-01 8.6720E-01 1.1409E+00 1.3707E+00 1.5687E+00 1.6526E+00 1.6577E+00 1.8850E+00 1.9314E+00 1.8277E+00 1.6381E+00 1.3658E+00 1.2074E+00 1.1656E+00 1.5189E+00 1.7864E+00 1.6833E+00 1.4882E+00 1.6311E+00 1.9819E+00 2.1726E+00 2.1516E+00 2.0141E+00 2.1323E+00 2.0986E+00 1.8738E+00 1.5883E+00 1.8534E+00 2.2076E+00 2.4988E+00 2.6762E+00 2.7202E+00 2.9198E+00 2.5214E+00 2.1649E+00 2.2370E+00 2.0601E+00 2.1195E+00 1.8544E+00 1.8392E+00 1.7852E+00
9.8303E-01 1.3302E+00 1.6162E+00 1.4141E+00 1.4858E+00 1.4529E+00 1.3418E+00 1.4318E+00 1.2457E+00 1.3694E+00 1.4464E+00 1.3928E+00 1.1923E+00 9.1707E-01 8.7355E-01 8.4500E-01 8.8926E-01 1.1702E+00 1.4253E+00 1.4956E+00 1.4959E+00 1.4735E+00 1.7019E+00 1.9367E+00 1.9164E+00 1.7765E+00 1.5478E+00 1.2436E+00 1.4289E+00 1.8573E+00 2.1712E+00 2.1626E+00 1.6924E+00 1.5676E+00 1.9933E+00 2.2892E+00 2.3907E+00 2.2850E+00 2.9970E+00 3.2316E+00 2.9355E+00 2.4062E+00 1.9712E+00 2.5028E+00 2.8858E+00 3.1424E+00 3.3000E+00 3.3781E+00 3.7717E+00 3.1364E+00 3.2114E+00 3.8085E+00 3.1157E+00 3.2851E+00 2.8637E+00 2.9806E+00 2.8720E+00
1.0364E+00 1.3492E+00 1.5754E+00 1.3349E+00 1.3342E+00 1.3095E+00 1.4155E+00 1.5802E+00 1.3989E+00 1.4795E+00 1.4710E+00 1.2917E+00 9.8462E-01 8.6926E-01 8.5563E-01 8.7513E-01 1.1765E+00 1.4209E+00 1.5064E+00 1.3908E+00 1.4387E+00 1.6174E+00 1.6439E+00 1.7470E+00 1.6836E+00 1.5383E+00 1.3053E+00 1.2454E+00 1.7125E+00 2.0093E+00 1.9754E+00 1.5971E+00 1.0922E+00 1.7022E+00 1.9896E+00 2.1437E+00 2.2808E+00 2.1795E+00 2.9905E+00 2.9598E+00 2.4971E+00 1.8985E+00 2.2894E+00 2.8267E+00 3.1456E+00 3.2946E+00 3.2452E+00 3.0636E+00 3.2396E+00 2.5727E+00 2.9819E+00 3.2535E+00 2.3616E+00 2.9435E+00 2.6150E+00 2.6811E+00 2.4915E+00
1.0222E+00 1.2779E+00 1.4307E+00 1.1676E+00 1.2381E+00 1.3666E+00 1.5066E+00 1.5897E+00 1.3374E+00 1.3404E+00 1.2571E+00 1.0225E+00 7.9293E-01 8.0638E-01 8.7038E-01 1.0850E+00 1.3622E+00 1.4668E+00 1.3653E+00 1.4405E+00 1.5982E+00 1.7093E+00 1.6198E+00 1.5652E+00 1.4594E+00 1.2903E+00 1.1646E+00 1.4155E+00 1.8713E+00 1.9674E+00 1.6527E+00 1.1125E+00 1.2359E+00 1.8114E+00 2.0928E+00 2.6156E+00 2.7420E+00 2.5245E+00 2.9372E+00 2.6725E+00 2.1001E+00 2.0565E+00 2.5076E+00 3.0110E+00 3.2411E+00 3.2725E+00 3.0985E+00 2.7550E+00 2.6420E+00 2.2482E+00 2.9540E+00 2.8196E+00 1.8553E+00 2.7300E+00 2.4992E+00 2.5031E+00 2.2060E+00
9.4221E-01 1.1291E+00 1.3813E+00 1.0431E+00 1.2283E+00 1.3879E+00 1.4191E+00 1.3991E+00 1.1133E+00 1.0677E+00 9.5887E-01 8.9382E-01 8.0420E-01 8.7247E-01 1.0342E+00 1.2344E+00 1.3525E+00 1.3608E+00 1.5663E+00 1.6809E+00 1.7380E+00 1.6917E+00 1.4833E+00 1.4194E+00 1.2844E+00 1.0928E+00 1.3000E+00 1.5368E+00 1.8030E+00 1.6633E+00 1.2194E+00 9.5896E-01 1.3614E+00 1.8875E+00 2.4523E+00 3.1193E+00 3.2830E+00 2.9715E+00 2.7691E+00 2.3276E+00 1.8108E+00 2.1655E+00 2.5806E+00 3.0139E+00 3.1433E+00 3.0658E+00 2.7959E+00 2.3855E+00 2.0442E+00 2.4093E+00 3.1232E+00 2.8662E+00 1.8316E+00 2.5314E+00 2.3973E+00 2.2372E+00 2.0315E+00
9.3244E-01 1.1767E+00 1.3032E+00 1.1053E+00 1.2501E+00 1.2698E+00 1.1893E+00 1.1004E+00 8.8732E-01 9.8464E-01 1.0231E+00 9.9334E-01 9.0657E-01 1.0826E+00 1.2066E+00 1.2567E+00 1.2862E+00 1.5509E+00 1.7624E+00 1.8549E+00 1.7938E+00 1.5728E+00 1.3512E+00 1.2994E+00 1.1366E+00 1.2000E+00 1.4032E+00 1.4262E+00 1.4308E+00 1.1410E+00 9.3685E-01 1.0339E+00 1.4229E+00 1.8843E+00 2.6141E+00 3.4158E+00 3.6632E+00 3.3244E+00 2.9393E+00 2.2008E+00 1.8546E+00 2.1330E+00 2.4830E+00 2.8229E+00 2.8579E+00 2.6989E+00 2.3762E+00 1.9497E+00 1.5941E+00 2.0646E+00 2.6570E+00 2.4611E+00 1.5894E+00 2.2838E+00 2.2472E+00 2.0566E+00 1.9481E+00
6.3221E-01 8.2467E-01 1.0407E+00 9.6891E-01 9.7183E-01 8.8155E-01 7.6023E-01 7.9112E-01 9.4264E-01 1.0500E+00 1.0984E+00 1.0769E+00 1.1079E+00 1.2941E+00 1.3088E+00 1.1960E+00 1.3807E+00 1.5814E+00 1.9441E+00 1.9972E+00 1.8369E+00 1.5043E+00 1.3282E+00 1.2404E+00 1.4132E+00 1.7010E+00 1.7103E+00 1.4604E+00 1.3477E+00 1.1463E+00 1.1101E+00 1.3082E+00 1.6859E+00 2.2635E+00 3.0410E+00 4.1059E+00 4.5305E+00 4.1837E+00 3.6738E+00 2.7432E+00 2.2730E+00 2.1949E+00 2.4968E+00 2.8816E+00 2.8333E+00 2.5908E+00 2.1999E+00 1.7307E+00 2.1189E+00 3.6932E+00 4.4400E+00 3.8388E+00 2.3356E+00 2.7597E+00 2.8089E+00 2.8176E+00 2.6996E+00
7.0168E-01 9.3806E-01 1.0984E+00 9.3651E-01 8.5351E-01 7.1552E-01 7.4598E-01 7.9926E-01 9.4215E-01 1.0462E+00 1.0974E+00 1.1015E+00 1.2618E+00 1.3455E+00 1.2153E+00 1.2223E+00 1.3666E+00 1.4856E+00 1.7694E+00 1.7611E+00 1.5388E+00 1.3615E+00 1.2061E+00 1.3760E+00 1.6950E+00 1.7540E+00 1.5026E+00 1.0741E+00 1.0341E+00 1.0359E+00 1.0597E+00 1.2730E+00 1.5363E+00 1.9918E+00 2.6373E+00 3.6525E+00 4.1332E+00 3.8870E+00 3.4861E+00 2.6418E+00 2.1941E+00 2.1025E+00 2.1077E+00 2.3422E+00 2.2339E+00 1.9773E+00 1.6194E+00 1.3115E+00 1.8817E+00 3.2241E+00 3.7453E+00 3.0323E+00 1.9546E+00 2.3632E+00 2.5371E+00 2.7621E+00 2.6597E+00
7.5817E-01 9.7027E-01 1.0709E+00 8.5440E-01 7.2620E-01 6.8623E-01 7.3828E-01 7.8300E-01 8.9250E-01 9.8256E-01 1.0878E+00 1.2417E+00 1.3031E+00 1.2524E+00 1.1942E+00 1.3173E+00 1.3833E+00 1.4116E+00 1.5895E+00 1.5424E+00 1.3430E+00 1.2260E+00 1.0523E+00 1.6309E+00 1.7712E+00 1.6152E+00 1.2179E+00 8.2369E-01 8.8789E-01 8.8946E-01 9.5114E-01 1.1779E+00 1.3597E+00 1.9755E+00 2.4760E+00 2.9822E+00 3.4401E+00 3.2943E+00 3.0355E+00 2.3926E+00 2.0716E+00 2.0027E+00 1.9974E+00 2.0497E+00 1.6276E+00 1.3903E+00 1.3406E+00 1.1328E+00 1.9323E+00 3.2194E+00 3.5674E+00 2.7023E+00 1.7351E+00 2.0491E+00 2.3362E+00 2.6814E+00 2.6070E+00
7.2686E-01 9.0601E-01 9.7341E-01 7.5511E-01 6.3122E-01 6.5955E-01 7.1548E-01 7.9607E-01 8.7244E-01 1.0611E+00 1.1889E+00 1.2416E+00 1.1764E+00 1.2187E+00 1.3578E+00 1.4299E+00 1.4164E+00 1.3318E+00 1.3757E+00 1.2780E+00 1.1909E+00 1.0625E+00 1.1539E+00 1.6502E+00 1.5796E+00 1.2888E+00 8.9434E-01 8.0047E-01 7.9506E-01 7.8804E-01 8.3103E-01 1.1343E+00 1.4195E+00 2.0189E+00 2.3418E+00 2.4242E+00 2.6420E+00 2.5626E+00 2.4309E+00 2.0476E+00 1.8232E+00 1.8028E+00 1.7893E+00 1.8374E+00 1.4627E+00 1.2024E+00 1.2080E+00 1.1601E+00 2.1089E+00 3.2994E+00 3.4160E+00 2.4662E+00 1.5382E+00 1.8493E+00 2.2157E+00 2.5589E+00 2.5185E+00
6.3667E-01 7.9003E-01 8.5138E-01 6.6358E-01 5.7169E-01 6.2279E-01 7.1601E-01 7.9752E-01 9.7834E-01 1.1120E+00 1.1526E+00 1.1011E+00 1.2055E+00 1.4065E+00 1.4971E+00 1.4804E+00 1.3460E+00 1.1385E+00 1.1170E+00 1.1029E+00 1.0188E+00 9.9346E-01 1.1737E+00 1.4723E+00 1.2381E+00 9.0262E-01 8.1016E-01 7.8175E-01 7.7176E-01 7.4389E-01 9.1632E-01 1.2597E+00 1.4917E+00 2.0694E+00 2.2103E+00 2.2832E+00 2.1598E+00 1.9415E+00 1.8735E+00 1.6228E+00 1.5248E+00 1.5280E+00 1.5127E+00 1.5650E+00 1.2674E+00 1.0762E+00 1.0370E+00 1.1641E+00 2.2111E+00 3.2393E+00 3.1678E+00 2.2268E+00 1.3546E+00 1.6744E+00 2.0838E+00 2.3360E+00 2.3335E+00
4.3291E-01 5.4378E-01 5.9989E-01 5.8867E-01 5.3808E-01 5.9753E-01 7.0911E-01 9.0085E-01 1.0513E+00 1.1068E+00 1.0571E+00 1.1134E+00 1.3587E+00 1.5139E+00 1.5420E+00 1.4118E+00 1.1741E+00 9.0974E-01 1.0059E+00 9.7463E-01 1.0769E+00 1.3496E+00 1.4198E+00 1.8369E+00 1.3627E+00 9.1509E-01 8.1961E-01 8.1164E-01 9.9202E-01 9.8414E-01 1.2811E+00 1.6631E+00 1.9660E+00 2.3974E+00 2.5847E+00 2.5962E+00 2.3186E+00 1.7815E+00 1.6318E+00 1.4418E+00 1.3952E+00 1.4108E+00 1.3906E+00 1.3362E+00 1.1083E+00 1.1275E+00 1.2058E+00 1.4772E+00 2.4736E+00 3.5350E+00 3.4809E+00 2.4713E+00 1.3683E+00 1.7635E+00 2.2588E+00 2.4245E+00 2.3974E+00
3.1871E-01 4.1296E-01 4.7437E-01 4.8599E-01 4.7935E-01 5.7494E-01 7.4243E-01 8.9386E-01 9.7121E-01 9.3603E-01 8.2547E-01 1.0998E+00 1.3046E+00 1.4219E+00 1.3897E+00 1.1860E+00 9.1926E-01 7.5425E-01 8.2707E-01 7.8843E-01 1.0958E+00 1.2659E+00 1.2118E+00 1.4254E+00 9.5017E-01 7.8359E-01 7.0481E-01 7.1795E-01 8.6994E-01 8.7297E-01 1.1719E+00 1.4635E+00 1.7299E+00 2.1577E+00 2.3095E+00 2.2199E+00 1.8568E+00 1.3179E+00 1.2194E+00 1.0896E+00 1.0449E+00 1.0457E+00 1.0266E+00 1.0048E+00 8.4874E-01 9.0884E-01 1.0520E+00 1.4131E+00 2.1394E+00 3.0386E+00 3.0959E+00 2.2560E+00 1.2193E+00 1.4059E+00 1.8484E+00 2.0435E+00 1.9204E+00
