inst/extdata/max1h_tv1a_surfer.grd
DSAA
         101          101
 735634.0000  740634.0000
5071041.0000 5076041.0000
  0.2218E+00   0.2274E+02
[rows 50 to 74 of 101, columns 0 to 56 of 101]
1.8343E+00 2.5469E+00 2.9508E+00 3.0572E+00 3.1217E+00 3.4655E+00 3.6704E+00 3.6945E+00 3.5737E+00 3.3877E+00 3.2486E+00 3.2672E+00 3.3647E+00 3.5426E+00 3.7646E+00 3.9913E+00 4.2363E+00 4.4848E+00 4.8181E+00 5.0440E+00 5.0530E+00 4.7881E+00 4.3845E+00 3.9864E+00 3.7798E+00 3.7957E+00 3.8773E+00 4.0060E+00 4.1727E+00 4.4167E+00 4.7704E+00 5.0368E+00 4.9800E+00 4.5812E+00 4.7290E+00 4.9538E+00 5.0916E+00 5.1163E+00 5.1930E+00 5.2000E+00 5.5061E+00 6.0666E+00 6.5786E+00 6.8162E+00 7.0988E+00 7.0761E+00 7.6877E+00 7.9534E+00 8.2396E+00 1.1194E+01 1.1759E+01 1.3024E+01 1.5356E+01 1.5465E+01 9.3925E+00 9.6645E+00 1.2035E+01
1.8996E+00 2.6206E+00 3.0277E+00 3.1426E+00 3.2443E+00 3.5717E+00 3.7328E+00 3.6694E+00 3.4287E+00 3.2504E+00 3.3195E+00 3.3363E+00 3.3051E+00 3.3055E+00 3.3703E+00 3.6034E+00 3.8479E+00 4.1088E+00 4.4712E+00 4.7401E+00 4.7834E+00 4.5153E+00 4.0804E+00 3.6578E+00 3.4577E+00 3.5123E+00 3.6700E+00 3.8870E+00 4.1513E+00 4.5328E+00 5.0688E+00 5.5144E+00 5.5614E+00 5.0922E+00 4.4474E+00 4.4977E+00 4.7430E+00 4.9669E+00 5.2926E+00 5.6635E+00 5.9695E+00 6.1480E+00 6.2393E+00 6.1200E+00 6.4594E+00 7.2118E+00 7.8664E+00 8.8562E+00 8.4831E+00 9.5462E+00 1.2815E+01 1.4400E+01 1.6014E+01 1.6736E+01 1.3160E+01 1.0782E+01 8.8991E+00
1.4750E+00 2.0145E+00 2.3059E+00 2.5221E+00 2.8572E+00 3.0892E+00 3.1649E+00 3.0348E+00 2.7498E+00 2.6175E+00 2.6326E+00 2.6620E+00 2.6419E+00 2.6485E+00 2.6602E+00 2.7131E+00 2.7940E+00 2.9802E+00 3.2449E+00 3.4430E+00 3.4676E+00 3.2489E+00 3.3446E+00 3.5172E+00 3.5349E+00 3.3973E+00 3.2851E+00 3.4654E+00 3.6533E+00 3.8618E+00 4.0238E+00 4.3732E+00 4.4587E+00 4.4428E+00 4.5885E+00 4.5742E+00 4.4086E+00 4.3353E+00 4.3481E+00 4.5155E+00 5.0618E+00 5.2775E+00 5.5677E+00 5.8451E+00 6.3038E+00 6.8337E+00 7.4494E+00 8.7899E+00 9.6485E+00 1.4336E+01 1.0791E+01 1.2497E+01 1.2223E+01 1.3710E+01 1.1459E+01 1.1330E+01 1.0042E+01
1.3527E+00 1.7956E+00 2.1261E+00 2.3094E+00 2.3653E+00 2.3659E+00 2.3225E+00 2.2756E+00 2.2818E+00 2.3309E+00 2.3595E+00 2.3331E+00 2.3783E+00 2.4800E+00 2.6286E+00 2.8265E+00 3.0128E+00 3.1236E+00 3.3456E+00 3.2958E+00 3.2654E+00 3.2479E+00 3.3152E+00 3.5825E+00 3.7153E+00 3.6863E+00 3.5132E+00 3.6228E+00 3.9599E+00 4.1005E+00 4.1398E+00 4.1302E+00 4.0809E+00 4.0570E+00 4.1968E+00 4.2207E+00 4.1903E+00 4.4039E+00 4.6124E+00 4.7078E+00 5.0145E+00 5.3372E+00 5.8965E+00 7.0103E+00 8.2112E+00 9.1648E+00 9.7031E+00 9.6162E+00 1.2144E+01 1.4666E+01 1.4087E+01 1.3746E+01 1.3891E+01 1.6508E+01 1.6184E+01 1.2555E+01 1.0984E+01
1.5761E+00 2.0599E+00 2.3778E+00 2.5031E+00 2.4656E+00 2.3870E+00 2.4355E+00 2.4777E+00 2.4684E+00 2.4003E+00 2.3393E+00 2.2915E+00 2.2260E+00 2.2986E+00 2.3559E+00 2.5458E+00 2.6833E+00 2.7444E+00 2.9017E+00 2.9010E+00 2.9209E+00 2.9133E+00 3.1269E+00 3.4849E+00 3.7284E+00 3.8186E+00 3.7598E+00 3.5908E+00 3.3718E+00 3.4097E+00 3.6227E+00 3.9200E+00 4.1012E+00 4.0033E+00 3.9789E+00 4.1292E+00 4.2569E+00 4.4136E+00 5.0078E+00 5.2151E+00 5.7319E+00 6.5048E+00 7.2581E+00 8.1394E+00 8.9837E+00 9.4269E+00 9.3697E+00 8.7271E+00 1.1191E+01 1.5601E+01 1.5953E+01 1.3096E+01 1.4277E+01 1.3587E+01 1.4755E+01 1.4313E+01 1.1547E+01
1.5765E+00 2.1449E+00 2.3809E+00 2.3774E+00 2.3096E+00 2.2334E+00 2.2095E+00 2.2512E+00 2.3103E+00 2.2688E+00 2.2136E+00 2.1883E+00 2.2433E+00 2.3698E+00 2.4053E+00 2.3626E+00 2.3030E+00 2.3723E+00 2.6088E+00 2.6122E+00 2.5662E+00 2.5323E+00 2.8473E+00 3.2760E+00 3.6205E+00 3.8304E+00 3.8997E+00 3.8868E+00 3.9493E+00 3.8444E+00 3.9554E+00 3.9940E+00 3.9348E+00 3.7043E+00 3.7450E+00 3.8611E+00 4.3837E+00 4.7601E+00 5.0486E+00 5.1683E+00 5.5775E+00 6.2611E+00 6.9498E+00 7.2513E+00 7.4371E+00 7.2277E+00 6.6277E+00 5.8401E+00 8.0923E+00 1.2466E+01 1.3353E+01 1.2970E+01 1.8121E+01 1.7045E+01 1.2580E+01 1.2086E+01 1.1491E+01
1.7089E+00 2.3534E+00 2.6515E+00 2.7116E+00 2.6752E+00 2.6073E+00 2.5862E+00 2.6486E+00 2.7366E+00 2.7082E+00 2.6612E+00 2.6228E+00 2.6634E+00 2.7870E+00 2.8046E+00 2.7562E+00 2.6823E+00 2.5943E+00 2.6844E+00 2.6849E+00 2.6699E+00 2.6371E+00 2.8691E+00 3.0211E+00 3.4025E+00 3.7095E+00 3.9632E+00 3.9653E+00 3.9645E+00 3.8292E+00 3.6152E+00 3.7445E+00 4.1707E+00 4.2943E+00 4.3710E+00 4.3589E+00 4.2422E+00 4.3601E+00 4.4823E+00 4.7123E+00 4.9136E+00 5.0800E+00 5.1617E+00 5.0163E+00 5.4363E+00 4.7405E+00 6.0387E+00 7.1624E+00 9.5268E+00 1.0350E+01 9.4230E+00 1.5232E+01 2.2735E+01 2.1487E+01 1.4781E+01 9.9932E+00 9.0205E+00
1.3369E+00 1.8553E+00 2.1231E+00 2.2302E+00 2.2527E+00 2.2360E+00 2.2229E+00 2.2707E+00 2.3307E+00 2.3058E+00 2.2830E+00 2.2583E+00 2.2596E+00 2.2986E+00 2.2688E+00 2.2417E+00 2.2122E+00 2.3048E+00 2.4481E+00 2.5341E+00 2.6609E+00 3.0556E+00 3.3099E+00 3.3112E+00 3.3796E+00 3.5296E+00 3.7450E+00 3.9288E+00 4.0496E+00 4.0207E+00 3.8901E+00 3.8428E+00 3.9598E+00 3.9827E+00 4.1106E+00 4.1915E+00 4.1741E+00 4.0487E+00 3.8161E+00 3.7222E+00 3.7395E+00 4.9233E+00 5.2072E+00 4.8616E+00 5.0544E+00 5.2973E+00 6.3293E+00 8.3474E+00 8.9463E+00 9.2739E+00 9.3856E+00 1.5618E+01 2.2640E+01 2.1460E+01 1.5199E+01 1.0133E+01 7.6496E+00
1.3820E+00 1.8048E+00 1.9986E+00 2.0501E+00 1.9223E+00 1.9745E+00 2.0162E+00 2.0399E+00 2.1098E+00 2.0483E+00 2.0333E+00 2.0913E+00 2.1575E+00 2.1861E+00 2.2647E+00 2.4223E+00 2.6036E+00 2.7561E+00 2.8753E+00 3.0036E+00 3.1330E+00 3.3250E+00 3.4554E+00 3.5616E+00 3.7124E+00 3.8487E+00 3.9290E+00 3.9762E+00 4.1608E+00 4.2001E+00 4.2291E+00 4.1882E+00 4.1111E+00 4.0724E+00 4.4334E+00 4.7675E+00 4.9248E+00 4.8391E+00 4.7113E+00 4.9896E+00 4.8336E+00 4.0251E+00 5.0117E+00 5.7769E+00 5.8504E+00 6.7569E+00 8.4475E+00 8.9684E+00 7.4965E+00 8.0772E+00 9.6712E+00 1.5189E+01 2.0335E+01 1.9716E+01 1.5938E+01 1.1992E+01 8.5793E+00
1.3494E+00 1.7950E+00 2.0058E+00 2.0623E+00 1.9696E+00 1.9843E+00 2.0459E+00 2.1443E+00 2.2603E+00 2.2353E+00 2.2792E+00 2.3569E+00 2.3663E+00 2.3455E+00 2.5221E+00 2.7523E+00 2.8091E+00 2.8849E+00 2.8952E+00 2.9736E+00 3.0932E+00 3.2246E+00 3.3514E+00 3.5296E+00 3.6480E+00 3.6365E+00 3.6582E+00 3.6381E+00 3.8977E+00 4.0072E+00 4.0407E+00 4.0844E+00 4.2392E+00 4.3849E+00 4.6215E+00 4.7380E+00 4.6634E+00 4.3476E+00 4.5540E+00 4.1283E+00 3.6687E+00 4.3757E+00 5.1359E+00 5.6978E+00 6.8750E+00 7.4919E+00 8.0497E+00 7.4023E+00 6.7395E+00 7.8541E+00 9.4545E+00 1.4043E+01 1.8327E+01 1.9219E+01 1.7508E+01 1.3799E+01 9.4604E+00
1.1385E+00 1.5841E+00 1.8437E+00 1.9616E+00 1.9648E+00 1.9766E+00 2.0193E+00 2.0936E+00 2.2185E+00 2.2375E+00 2.2968E+00 2.4249E+00 2.5004E+00 2.6824E+00 2.8914E+00 2.9161E+00 2.7959E+00 2.8917E+00 3.0390E+00 3.2311E+00 3.3463E+00 3.3614E+00 3.3443E+00 3.3338E+00 3.2827E+00 3.0687E+00 2.8599E+00 3.0385E+00 3.4185E+00 3.6489E+00 3.7730E+00 4.0405E+00 4.3209E+00 4.2582E+00 4.6542E+00 4.2994E+00 4.3327E+00 4.4984E+00 4.4932E+00 3.8952E+00 3.6621E+00 4.2737E+00 6.1552E+00 6.9632E+00 6.9221E+00 7.4398E+00 7.6937E+00 6.3022E+00 6.3354E+00 7.6596E+00 9.9994E+00 1.2683E+01 1.7100E+01 1.8835E+01 1.7711E+01 1.3857E+01 9.2475E+00
1.0865E+00 1.4377E+00 1.5818E+00 1.6745E+00 1.6978E+00 1.7509E+00 1.8780E+00 2.0185E+00 2.2323E+00 2.2951E+00 2.5062E+00 2.6321E+00 2.5786E+00 2.4320E+00 2.5970E+00 2.8716E+00 3.0573E+00 3.1412E+00 3.1121E+00 3.1168E+00 3.0567E+00 2.8949E+00 2.6988E+00 2.5210E+00 2.4642E+00 2.5304E+00 2.6049E+00 2.7220E+00 2.9271E+00 3.1779E+00 3.9386E+00 4.6490E+00 4.5522E+00 3.7339E+00 4.4254E+00 4.8471E+00 4.7493E+00 4.4010E+00 4.0895E+00 3.7976E+00 4.7359E+00 6.4584E+00 6.9286E+00 6.6270E+00 8.3982E+00 8.3941E+00 5.9152E+00 5.8828E+00 5.9584E+00 7.6021E+00 1.0510E+01 1.0620E+01 1.3501E+01 1.5168E+01 1.4534E+01 1.1489E+01 7.7134E+00
1.0316E+00 1.4307E+00 1.6420E+00 1.8135E+00 1.8314E+00 1.8697E+00 1.9273E+00 1.9698E+00 1.9656E+00 1.8535E+00 1.9131E+00 2.0227E+00 2.4007E+00 2.6266E+00 2.7693E+00 2.8286E+00 2.8082E+00 2.6887E+00 2.4938E+00 2.3448E+00 2.1913E+00 2.1165E+00 2.2141E+00 2.3293E+00 2.4267E+00 2.4872E+00 2.5391E+00 2.7379E+00 3.1109E+00 3.1522E+00 3.1327E+00 3.2072E+00 3.1327E+00 4.3098E+00 5.1572E+00 5.2477E+00 4.7462E+00 4.0577E+00 3.6771E+00 4.7502E+00 6.2617E+00 6.5851E+00 6.1165E+00 7.8174E+00 8.9406E+00 5.9735E+00 5.1659E+00 5.2838E+00 6.5890E+00 9.1734E+00 1.0573E+01 1.0528E+01 9.0902E+00 1.0329E+01 1.0075E+01 8.1002E+00 6.1698E+00
1.7788E+00 2.5195E+00 2.7034E+00 2.7870E+00 2.5291E+00 2.3456E+00 2.3876E+00 2.3923E+00 2.8070E+00 3.1202E+00 3.1938E+00 3.5272E+00 3.8871E+00 3.7275E+00 3.6023E+00 3.3801E+00 3.1147E+00 2.8400E+00 2.5450E+00 2.3974E+00 2.3800E+00 2.4897E+00 2.7407E+00 3.2145E+00 3.4206E+00 3.6041E+00 4.0489E+00 4.2928E+00 3.4364E+00 2.9491E+00 3.0994E+00 3.3568E+00 4.9101E+00 5.8375E+00 6.4239E+00 6.1558E+00 5.3255E+00 4.3903E+00 5.5643E+00 6.6738E+00 6.5908E+00 6.2051E+00 7.3281E+00 8.5648E+00 6.2321E+00 6.2265E+00 4.6896E+00 6.0806E+00 7.5987E+00 1.0009E+01 1.0248E+01 1.0363E+01 7.6350E+00 6.4943E+00 6.1047E+00 5.2723E+00 5.0445E+00
1.2235E+00 1.7091E+00 1.9826E+00 2.2588E+00 2.4221E+00 2.6045E+00 2.7054E+00 2.7051E+00 2.7821E+00 2.8733E+00 3.0202E+00 3.2521E+00 3.3679E+00 3.0516E+00 2.7713E+00 2.4313E+00 2.3589E+00 2.4386E+00 2.3087E+00 2.5751E+00 2.9267E+00 3.0682E+00 3.1198E+00 3.0769E+00 2.9449E+00 2.7833E+00 2.7377E+00 2.7181E+00 2.9408E+00 3.1803E+00 3.3656E+00 4.3583E+00 5.8336E+00 6.3855E+00 6.5245E+00 5.9242E+00 5.1190E+00 6.0071E+00 6.6348E+00 6.0992E+00 5.8193E+00 6.5069E+00 8.4516E+00 6.3717E+00 5.7356E+00 5.4978E+00 5.2282E+00 5.7352E+00 8.1065E+00 9.9991E+00 9.8342E+00 1.0158E+01 7.9605E+00 6.6533E+00 5.2371E+00 5.0318E+00 5.2152E+00
1.4436E+00 1.9983E+00 2.2898E+00 2.5812E+00 2.7214E+00 2.8559E+00 2.8661E+00 2.7668E+00 2.6619E+00 2.5482E+00 2.4672E+00 2.5101E+00 2.5176E+00 2.2541E+00 2.2488E+00 2.1667E+00 2.3046E+00 2.5888E+00 2.8585E+00 3.0636E+00 3.0492E+00 2.8429E+00 2.7444E+00 2.7033E+00 2.6529E+00 2.8627E+00 3.1656E+00 3.5456E+00 3.8496E+00 4.2031E+00 4.5114E+00 5.0907E+00 6.4080E+00 6.6272E+00 6.3918E+00 5.9002E+00 6.2900E+00 6.6543E+00 6.5983E+00 6.2186E+00 6.2219E+00 7.3518E+00 7.4539E+00 4.9999E+00 4.5285E+00 4.8021E+00 5.5614E+00 6.3436E+00 8.3110E+00 9.4799E+00 8.9713E+00 1.0038E+01 8.5065E+00 6.6362E+00 4.9199E+00 4.6473E+00 5.2070E+00
1.6279E+00 2.2150E+00 2.4815E+00 2.7025E+00 2.7315E+00 2.7366E+00 2.5887E+00 2.3421E+00 2.0967E+00 2.0559E+00 2.0408E+00 2.0238E+00 2.1838E+00 2.1928E+00 2.2313E+00 2.5005E+00 2.7470E+00 2.8607E+00 2.6828E+00 2.6496E+00 2.6616E+00 2.6481E+00 2.5915E+00 2.8257E+00 3.1050E+00 3.4230E+00 3.7811E+00 4.2249E+00 4.6011E+00 5.0380E+00 5.4035E+00 5.7210E+00 6.5654E+00 6.5598E+00 6.2211E+00 6.4121E+00 6.5705E+00 6.5566E+00 6.1552E+00 6.2055E+00 6.1343E+00 7.0643E+00 5.2566E+00 3.8971E+00 4.7844E+00 5.0676E+00 5.8487E+00 7.0558E+00 8.3876E+00 8.8908E+00 8.3018E+00 9.9053E+00 9.0800E+00 6.4178E+00 4.5845E+00 5.1659E+00 5.2219E+00
1.5274E+00 2.0444E+00 2.2355E+00 2.5080E+00 2.4615E+00 2.2553E+00 1.9398E+00 1.7487E+00 1.8655E+00 1.9326E+00 2.0236E+00 2.1520E+00 2.2764E+00 2.2508E+00 2.4346E+00 2.5547E+00 2.5910E+00 2.5857E+00 2.5075E+00 2.4800E+00 2.4244E+00 2.4538E+00 2.7563E+00 3.0839E+00 3.3915E+00 3.7297E+00 4.1260E+00 4.6056E+00 5.0203E+00 5.4712E+00 5.7984E+00 6.0142E+00 6.3405E+00 6.1600E+00 6.1480E+00 6.1397E+00 5.9214E+00 5.6098E+00 5.9999E+00 5.9442E+00 6.5062E+00 5.5071E+00 3.6024E+00 4.2224E+00 5.0474E+00 5.2476E+00 6.1890E+00 7.5126E+00 8.1593E+00 8.0325E+00 8.0004E+00 9.7067E+00 9.5334E+00 7.3032E+00 4.4977E+00 5.3081E+00 5.8452E+00
1.8572E+00 2.3918E+00 2.5987E+00 2.7629E+00 2.5676E+00 2.2521E+00 2.2067E+00 2.5842E+00 2.6089E+00 2.7003E+00 2.6908E+00 2.6080E+00 2.4840E+00 2.7100E+00 2.8472E+00 3.0079E+00 3.1328E+00 3.1965E+00 3.2785E+00 3.1975E+00 2.9222E+00 2.7068E+00 3.0409E+00 3.4559E+00 3.8218E+00 4.2229E+00 4.7100E+00 5.2749E+00 5.2558E+00 5.6617E+00 5.8652E+00 5.8957E+00 6.1725E+00 5.3805E+00 5.4528E+00 4.8218E+00 4.5767E+00 5.5999E+00 5.5605E+00 5.5399E+00 5.1680E+00 3.5088E+00 3.3029E+00 4.5597E+00 5.3049E+00 5.9687E+00 6.6801E+00 7.5730E+00 7.3192E+00 7.6287E+00 7.7212E+00 9.2881E+00 9.6355E+00 8.0824E+00 5.4056E+00 5.0982E+00 5.9606E+00
1.5918E+00 1.9673E+00 2.0652E+00 2.1347E+00 1.9617E+00 2.0553E+00 2.2388E+00 2.3720E+00 2.1515E+00 2.0499E+00 2.0354E+00 2.2409E+00 2.4032E+00 2.5892E+00 2.6299E+00 2.7883E+00 2.8877E+00 2.8941E+00 2.8429E+00 2.6892E+00 2.7439E+00 2.7098E+00 2.8903E+00 3.2472E+00 3.5635E+00 3.9157E+00 4.3521E+00 4.8286E+00 4.7624E+00 5.0031E+00 5.0033E+00 5.1233E+00 5.7114E+00 4.5873E+00 3.9661E+00 3.9997E+00 5.2917E+00 5.5643E+00 4.8437E+00 4.8567E+00 3.6637E+00 3.0851E+00 3.3866E+00 4.6146E+00 5.2768E+00 6.4543E+00 6.7160E+00 6.8715E+00 6.2449E+00 7.2202E+00 7.2928E+00 8.7516E+00 9.4442E+00 8.3815E+00 6.0122E+00 4.4485E+00 5.4540E+00
1.2113E+00 1.4851E+00 1.5918E+00 1.8235E+00 1.8019E+00 1.7655E+00 1.7781E+00 1.8541E+00 1.7455E+00 1.9294E+00 2.0707E+00 2.1812E+00 2.2390E+00 2.3255E+00 2.2935E+00 2.4135E+00 2.4697E+00 2.6418E+00 2.8896E+00 2.9776E+00 2.8950E+00 2.6629E+00 2.6125E+00 3.1072E+00 3.5766E+00 4.1654E+00 4.6231E+00 4.8301E+00 3.9079E+00 3.9785E+00 4.6659E+00 4.9537E+00 4.8411E+00 3.9859E+00 3.7815E+00 4.8214E+00 5.3179E+00 4.6579E+00 4.2095E+00 3.4385E+00 3.1827E+00 2.7141E+00 3.5219E+00 4.5613E+00 5.1746E+00 6.3373E+00 6.3910E+00 6.3802E+00 6.6014E+00 6.6300E+00 6.6617E+00 8.1761E+00 9.0321E+00 8.3818E+00 6.3559E+00 3.9698E+00 4.6426E+00
9.4523E-01 1.1886E+00 1.3388E+00 1.5119E+00 1.5476E+00 1.5331E+00 1.4779E+00 1.6840E+00 1.7993E+00 1.9187E+00 1.9870E+00 2.0174E+00 1.9963E+00 2.0119E+00 2.0318E+00 2.2410E+00 2.6599E+00 2.9777E+00 3.1540E+00 3.1172E+00 2.8757E+00 2.5509E+00 3.2113E+00 3.9264E+00 4.4010E+00 4.6393E+00 4.6019E+00 4.2833E+00 3.8216E+00 4.4644E+00 4.4937E+00 4.2072E+00 4.5022E+00 4.2940E+00 4.4760E+00 4.8887E+00 4.5162E+00 4.0356E+00 3.4956E+00 3.0285E+00 2.6190E+00 2.4002E+00 3.2577E+00 4.2933E+00 5.0627E+00 5.7964E+00 5.8186E+00 6.5311E+00 6.6903E+00 6.6220E+00 6.2591E+00 7.5353E+00 8.3500E+00 7.9585E+00 6.2585E+00 4.0987E+00 3.6314E+00
7.9738E-01 1.0382E+00 1.2331E+00 1.4634E+00 1.5462E+00 1.5567E+00 1.5382E+00 1.6962E+00 1.7464E+00 1.8056E+00 1.8170E+00 1.7953E+00 1.7584E+00 1.8927E+00 2.0626E+00 2.4253E+00 2.7815E+00 3.0303E+00 3.1280E+00 3.0016E+00 2.7899E+00 3.4669E+00 4.0877E+00 4.6236E+00 4.7579E+00 4.5495E+00 4.0382E+00 4.9695E+00 4.3247E+00 4.1295E+00 4.1122E+00 4.6646E+00 5.1397E+00 4.8650E+00 5.0012E+00 4.9255E+00 4.6085E+00 4.1218E+00 3.4404E+00 2.8227E+00 2.5494E+00 2.9381E+00 3.4341E+00 4.1007E+00 5.1593E+00 5.0677E+00 5.6737E+00 6.3475E+00 6.4038E+00 6.2629E+00 5.6712E+00 6.8725E+00 7.4822E+00 7.1617E+00 5.7066E+00 3.8191E+00 3.1886E+00
8.6407E-01 1.1363E+00 1.3692E+00 1.5780E+00 1.6644E+00 1.6595E+00 1.6111E+00 1.7171E+00 1.8142E+00 1.8387E+00 1.9717E+00 2.1918E+00 2.2814E+00 2.2526E+00 2.3232E+00 2.6081E+00 2.8741E+00 3.0346E+00 2.5738E+00 2.5677E+00 3.1546E+00 3.6757E+00 4.0275E+00 3.2489E+00 3.0665E+00 2.9071E+00 3.2484E+00 3.2850E+00 3.1952E+00 3.7450E+00 4.2502E+00 4.6942E+00 5.0341E+00 5.2223E+00 5.2556E+00 5.0630E+00 4.6160E+00 4.0027E+00 3.2489E+00 2.5965E+00 2.9437E+00 3.2030E+00 3.3900E+00 4.2938E+00 5.0619E+00 4.4904E+00 5.1979E+00 5.7354E+00 5.8241E+00 5.6291E+00 5.2729E+00 6.2396E+00 6.5241E+00 5.9562E+00 4.6873E+00 3.1268E+00 2.8838E+00
8.5465E-01 1.1428E+00 1.2898E+00 1.4632E+00 1.5164E+00 1.4810E+00 1.5532E+00 1.6047E+00 1.6537E+00 1.8999E+00 2.2278E+00 2.4761E+00 2.5424E+00 2.4501E+00 2.2897E+00 2.3787E+00 2.5109E+00 2.7074E+00 2.6457E+00 3.1697E+00 3.6222E+00 3.8953E+00 3.9271E+00 2.9324E+00 3.2374E+00 3.4629E+00 3.2622E+00 3.1151E+00 3.7209E+00 4.2899E+00 4.7688E+00 5.1375E+00 5.3585E+00 5.4020E+00 5.2852E+00 4.9628E+00 4.4157E+00 3.7344E+00 2.9546E+00 2.6430E+00 2.8517E+00 2.9132E+00 3.2833E+00 4.4679E+00 4.5543E+00 3.9076E+00 4.4217E+00 4.7544E+00 4.7068E+00 4.4698E+00 4.6319E+00 5.1533E+00 5.0922E+00 4.4469E+00 3.3776E+00 2.1957E+00 2.7019E+00
