inst/extdata/max1h_tv1a_surfer.grd
DSAA
         101          101
 735634.0000  740634.0000
5071041.0000 5076041.0000
  0.2218E+00   0.2274E+02
[rows 25 to 49 of 101, columns 0 to 56 of 101]
2.3872E+00 3.2115E+00 3.5983E+00 3.4978E+00 3.2800E+00 3.2358E+00 3.2062E+00 3.1791E+00 3.6175E+00 3.8797E+00 3.8615E+00 3.5306E+00 3.3387E+00 3.2360E+00 3.5452E+00 3.9563E+00 3.8055E+00 3.7738E+00 4.0559E+00 4.6596E+00 4.3691E+00 4.3534E+00 4.5669E+00 4.2733E+00 4.2915E+00 4.3225E+00 4.7324E+00 4.7042E+00 4.3342E+00 4.6990E+00 4.7385E+00 4.7778E+00 4.8931E+00 5.6343E+00 4.8159E+00 5.1606E+00 4.7118E+00 4.5635E+00 5.0989E+00 3.9621E+00 5.3225E+00 5.0958E+00 4.5520E+00 4.6878E+00 4.2647E+00 4.4164E+00 4.7494E+00 4.8206E+00 4.7600E+00 5.0945E+00 4.3406E+00 4.6117E+00 4.6894E+00 4.3542E+00 4.1772E+00 5.1486E+00 4.7740E+00
2.3180E+00 3.0415E+00 3.3115E+00 3.6414E+00 3.7959E+00 3.6696E+00 3.2814E+00 3.2450E+00 3.2355E+00 3.2927E+00 3.7656E+00 4.0064E+00 3.8555E+00 3.4838E+00 3.3124E+00 3.2953E+00 3.9004E+00 3.9236E+00 3.6235E+00 3.8635E+00 4.5061E+00 4.2987E+00 4.3290E+00 4.8748E+00 4.4294E+00 4.2065E+00 4.3590E+00 4.7777E+00 4.7730E+00 4.2892E+00 4.7067E+00 4.6300E+00 4.7794E+00 5.2426E+00 5.5249E+00 5.3583E+00 4.9226E+00 4.5967E+00 5.0799E+00 4.0678E+00 4.8831E+00 4.9701E+00 5.0038E+00 4.7926E+00 4.4584E+00 4.5166E+00 4.5504E+00 5.1581E+00 4.7524E+00 5.1164E+00 4.3494E+00 4.5598E+00 4.7386E+00 4.4833E+00 4.2492E+00 5.3316E+00 4.6680E+00
1.9533E+00 2.8500E+00 3.3860E+00 3.3904E+00 3.4509E+00 3.8253E+00 3.8790E+00 3.6007E+00 3.1614E+00 3.1706E+00 3.2680E+00 3.5115E+00 3.8715E+00 3.9768E+00 3.6819E+00 3.5780E+00 3.3268E+00 3.7982E+00 3.9253E+00 3.8409E+00 3.6905E+00 4.2845E+00 4.3462E+00 4.5088E+00 4.7772E+00 4.4885E+00 4.3938E+00 4.2268E+00 4.7084E+00 4.7706E+00 4.3237E+00 4.7004E+00 4.7650E+00 4.6903E+00 5.3379E+00 5.2527E+00 5.2762E+00 4.9837E+00 4.5518E+00 4.9196E+00 4.1120E+00 5.1113E+00 5.1692E+00 4.6202E+00 4.5931E+00 4.4978E+00 4.4564E+00 5.2215E+00 4.8922E+00 5.0131E+00 4.6088E+00 4.5304E+00 4.8320E+00 4.4941E+00 4.2052E+00 5.4853E+00 4.4749E+00
1.8795E+00 2.4276E+00 2.7825E+00 3.1427E+00 3.4791E+00 3.5490E+00 3.6373E+00 3.9350E+00 3.9871E+00 3.6910E+00 3.3717E+00 3.3632E+00 3.7419E+00 3.5508E+00 3.8200E+00 3.8376E+00 3.7885E+00 3.4484E+00 3.6830E+00 3.9946E+00 4.1392E+00 3.8526E+00 4.2713E+00 4.8505E+00 4.8220E+00 4.9178E+00 4.6470E+00 4.5518E+00 4.4517E+00 4.7858E+00 4.9298E+00 4.5422E+00 4.9856E+00 5.1415E+00 4.8689E+00 5.5525E+00 5.3521E+00 5.4821E+00 5.1183E+00 5.3981E+00 4.4394E+00 4.8776E+00 5.2145E+00 4.9796E+00 4.7815E+00 4.7384E+00 4.5722E+00 5.2288E+00 4.9221E+00 5.0117E+00 4.8721E+00 4.5692E+00 5.0130E+00 4.5530E+00 4.4988E+00 5.6739E+00 4.5662E+00
2.2362E+00 2.8932E+00 3.1582E+00 2.7711E+00 2.7312E+00 3.1875E+00 3.6284E+00 3.7842E+00 3.7573E+00 4.0685E+00 4.1008E+00 3.8168E+00 3.5586E+00 3.4627E+00 3.4974E+00 3.7650E+00 3.9116E+00 3.8121E+00 3.9462E+00 3.7997E+00 3.8664E+00 4.0347E+00 3.7522E+00 4.2843E+00 4.8064E+00 4.9752E+00 5.0767E+00 4.8756E+00 4.7534E+00 4.6884E+00 5.3475E+00 4.8723E+00 4.5761E+00 5.0110E+00 5.1934E+00 5.1120E+00 5.5352E+00 5.6063E+00 5.4960E+00 4.8218E+00 5.3009E+00 4.6858E+00 5.3515E+00 5.3492E+00 4.6756E+00 4.7033E+00 4.5011E+00 5.0685E+00 5.1082E+00 5.0411E+00 5.0327E+00 4.8647E+00 5.1556E+00 4.4919E+00 4.6869E+00 5.7709E+00 4.8714E+00
2.4241E+00 3.2305E+00 3.4872E+00 3.1791E+00 3.0732E+00 2.9142E+00 2.8303E+00 3.3156E+00 3.7617E+00 3.8244E+00 3.9417E+00 4.3365E+00 4.3216E+00 3.7744E+00 3.4464E+00 3.5809E+00 3.4886E+00 3.9843E+00 4.5913E+00 4.4489E+00 3.8093E+00 3.9480E+00 3.9992E+00 3.9881E+00 4.1199E+00 4.7526E+00 4.9173E+00 4.9566E+00 4.7777E+00 5.0048E+00 4.8221E+00 5.2056E+00 4.7362E+00 4.6613E+00 5.1276E+00 5.2343E+00 5.4511E+00 5.3979E+00 5.5870E+00 5.3127E+00 5.2670E+00 4.4847E+00 5.2977E+00 5.4496E+00 4.8232E+00 4.9006E+00 4.6539E+00 4.9365E+00 5.3338E+00 5.5861E+00 5.5850E+00 5.3921E+00 5.1545E+00 4.9395E+00 4.9408E+00 5.6946E+00 5.4166E+00
2.4741E+00 3.4331E+00 3.8497E+00 3.6478E+00 3.4071E+00 3.2519E+00 3.2814E+00 3.1865E+00 2.9357E+00 3.1419E+00 3.5689E+00 3.7881E+00 4.2516E+00 4.3873E+00 4.0984E+00 3.6361E+00 3.4422E+00 3.5050E+00 4.2426E+00 4.4234E+00 4.1236E+00 3.7716E+00 4.0227E+00 4.2038E+00 4.0476E+00 4.1175E+00 4.7036E+00 4.8890E+00 4.8256E+00 4.7864E+00 5.0355E+00 4.8935E+00 5.4902E+00 4.5766E+00 4.6114E+00 5.3246E+00 5.0131E+00 5.5940E+00 5.4069E+00 5.5915E+00 5.1273E+00 5.2848E+00 5.0776E+00 5.4964E+00 5.3047E+00 5.1029E+00 5.2295E+00 6.1388E+00 6.3892E+00 6.3520E+00 6.0976E+00 5.7238E+00 5.3840E+00 5.1256E+00 5.2078E+00 5.8047E+00 5.9249E+00
2.4819E+00 3.3416E+00 3.6676E+00 3.5647E+00 3.7178E+00 3.8393E+00 3.8227E+00 3.5835E+00 3.4302E+00 3.3297E+00 2.9652E+00 3.1994E+00 3.6897E+00 3.7268E+00 4.1395E+00 4.1444E+00 3.7590E+00 3.6591E+00 3.6129E+00 3.5581E+00 3.7920E+00 3.9807E+00 3.8936E+00 4.3152E+00 4.3535E+00 4.2248E+00 4.3355E+00 4.5621E+00 4.9923E+00 4.9240E+00 4.8306E+00 5.7978E+00 5.3009E+00 6.1007E+00 4.4654E+00 4.6180E+00 5.1291E+00 4.7622E+00 5.2917E+00 5.7007E+00 5.3442E+00 5.0538E+00 4.6565E+00 5.6347E+00 5.7691E+00 5.0617E+00 6.4249E+00 7.1196E+00 7.0016E+00 6.6382E+00 6.1617E+00 5.6605E+00 5.2638E+00 4.9990E+00 5.3195E+00 5.6978E+00 5.8732E+00
1.8975E+00 2.8524E+00 3.5753E+00 3.8800E+00 4.0116E+00 3.9042E+00 4.3000E+00 4.4895E+00 4.2924E+00 3.9756E+00 3.4753E+00 3.4959E+00 3.3401E+00 3.5228E+00 3.7923E+00 3.9361E+00 4.2384E+00 4.2767E+00 4.3237E+00 4.1346E+00 3.8236E+00 3.7166E+00 4.0852E+00 4.2068E+00 4.3041E+00 4.4969E+00 4.3519E+00 4.4600E+00 4.5487E+00 5.1639E+00 5.1789E+00 5.2277E+00 6.2840E+00 6.6629E+00 6.9128E+00 4.8489E+00 4.8205E+00 4.9989E+00 5.3050E+00 5.5072E+00 5.8229E+00 5.4929E+00 5.4242E+00 5.4040E+00 6.3673E+00 6.0389E+00 7.3868E+00 7.8151E+00 7.3936E+00 6.7074E+00 6.0384E+00 5.4534E+00 5.6718E+00 4.8785E+00 5.9794E+00 6.0222E+00 6.1372E+00
1.9663E+00 2.6504E+00 2.9443E+00 2.8583E+00 3.3945E+00 3.8425E+00 4.1281E+00 4.1432E+00 4.1111E+00 4.2987E+00 4.2933E+00 4.0862E+00 3.6972E+00 3.8008E+00 3.5550E+00 3.4437E+00 3.7707E+00 3.9442E+00 4.4271E+00 4.4491E+00 4.2827E+00 4.0158E+00 3.5638E+00 3.9597E+00 4.0695E+00 4.2924E+00 4.3488E+00 4.4051E+00 4.6130E+00 4.6102E+00 5.0316E+00 5.2326E+00 5.1924E+00 6.2234E+00 6.6403E+00 6.5511E+00 4.8504E+00 4.8541E+00 5.1109E+00 5.3603E+00 5.7035E+00 5.5036E+00 5.3373E+00 4.9811E+00 6.1897E+00 6.5960E+00 7.8865E+00 8.0472E+00 7.2992E+00 6.3694E+00 5.8346E+00 5.0547E+00 6.0787E+00 4.8185E+00 6.2268E+00 6.1695E+00 6.0999E+00
2.3064E+00 2.9390E+00 3.0986E+00 3.1820E+00 3.1074E+00 2.8233E+00 3.2345E+00 3.7744E+00 4.0309E+00 4.1467E+00 4.0023E+00 4.1386E+00 4.2790E+00 4.3390E+00 4.0132E+00 3.6286E+00 3.5649E+00 3.3478E+00 3.8637E+00 4.0527E+00 4.4189E+00 4.3726E+00 4.4067E+00 4.3309E+00 3.7856E+00 4.0870E+00 4.6392E+00 4.3333E+00 4.6166E+00 4.6218E+00 4.8285E+00 4.9387E+00 5.2912E+00 5.5707E+00 6.5460E+00 6.5205E+00 6.5872E+00 4.6300E+00 4.8628E+00 5.0829E+00 5.3800E+00 5.9688E+00 5.8936E+00 5.6062E+00 5.3425E+00 6.8888E+00 8.1108E+00 7.9907E+00 6.9101E+00 6.0993E+00 5.8838E+00 4.8757E+00 6.3571E+00 5.1540E+00 6.5170E+00 6.4719E+00 6.2825E+00
2.6899E+00 3.6831E+00 4.0788E+00 3.8244E+00 3.5289E+00 3.1763E+00 2.9411E+00 2.7048E+00 2.9301E+00 3.5865E+00 4.0722E+00 4.2273E+00 3.9977E+00 4.0898E+00 4.3411E+00 4.3592E+00 4.0748E+00 3.7389E+00 3.8207E+00 3.7228E+00 3.8081E+00 4.1381E+00 4.5661E+00 5.0772E+00 5.0552E+00 4.5295E+00 3.8617E+00 4.5675E+00 4.6178E+00 4.7544E+00 4.7602E+00 5.0603E+00 5.1214E+00 5.3811E+00 5.4357E+00 6.7425E+00 6.8718E+00 7.7988E+00 4.6599E+00 4.8836E+00 5.2130E+00 5.5718E+00 5.9951E+00 5.5647E+00 5.4113E+00 6.8622E+00 7.9474E+00 7.5468E+00 6.2386E+00 6.1609E+00 5.9281E+00 5.0108E+00 6.5206E+00 5.4551E+00 6.7712E+00 6.8107E+00 6.4111E+00
2.1863E+00 3.0833E+00 3.7799E+00 3.9799E+00 4.0627E+00 4.0151E+00 3.9915E+00 3.9109E+00 3.5605E+00 3.0924E+00 2.7697E+00 3.3488E+00 3.6998E+00 3.9993E+00 4.0899E+00 3.9737E+00 4.1793E+00 4.2850E+00 4.2098E+00 3.8228E+00 3.8351E+00 3.8067E+00 3.9583E+00 4.8217E+00 5.2360E+00 5.1989E+00 4.7855E+00 4.0917E+00 4.2753E+00 4.7738E+00 4.6282E+00 4.8361E+00 5.0193E+00 5.1546E+00 5.4943E+00 5.2375E+00 6.8240E+00 8.0724E+00 7.8265E+00 4.6513E+00 5.2462E+00 5.3486E+00 6.1878E+00 5.7026E+00 5.8563E+00 6.5233E+00 7.4591E+00 6.9277E+00 5.6358E+00 6.1182E+00 5.8623E+00 5.2106E+00 6.6051E+00 5.7919E+00 6.8060E+00 7.4726E+00 6.4704E+00
2.1890E+00 3.0518E+00 3.5371E+00 3.4177E+00 3.4248E+00 3.4109E+00 3.7521E+00 4.1129E+00 4.2981E+00 4.3232E+00 4.2051E+00 3.9674E+00 3.5690E+00 3.0781E+00 3.6985E+00 4.1708E+00 4.2817E+00 4.1223E+00 4.3473E+00 4.5405E+00 4.4775E+00 4.1751E+00 4.4492E+00 4.5104E+00 4.3991E+00 4.8099E+00 5.0281E+00 5.0067E+00 4.6937E+00 4.5190E+00 5.1796E+00 5.0826E+00 5.1574E+00 4.9569E+00 5.1717E+00 5.6124E+00 5.3910E+00 6.8388E+00 8.1858E+00 7.5345E+00 4.8714E+00 5.8602E+00 5.9371E+00 6.7380E+00 5.8539E+00 5.9706E+00 6.8805E+00 6.5191E+00 5.6628E+00 6.3521E+00 6.3694E+00 5.9987E+00 7.1770E+00 6.2329E+00 7.2054E+00 7.9622E+00 6.4397E+00
2.1266E+00 2.9000E+00 3.3320E+00 3.1323E+00 3.2102E+00 3.3664E+00 3.4729E+00 3.5312E+00 3.5024E+00 3.6990E+00 4.0958E+00 4.3961E+00 4.5132E+00 4.4367E+00 4.2158E+00 3.9384E+00 3.4310E+00 3.7502E+00 4.2821E+00 4.3003E+00 4.0542E+00 4.3982E+00 4.5471E+00 4.4253E+00 4.7154E+00 4.5349E+00 4.5119E+00 4.5614E+00 4.9468E+00 5.1868E+00 4.9953E+00 4.8025E+00 4.9596E+00 5.0899E+00 5.2703E+00 5.4545E+00 5.6219E+00 5.4821E+00 7.3460E+00 7.7325E+00 7.6746E+00 5.2064E+00 6.0684E+00 6.2666E+00 6.4367E+00 6.4587E+00 6.0776E+00 6.3669E+00 5.9067E+00 6.2176E+00 6.4953E+00 6.2322E+00 7.0970E+00 6.1997E+00 7.7916E+00 8.3275E+00 6.5078E+00
1.9892E+00 2.7677E+00 3.2711E+00 3.1891E+00 3.3192E+00 3.3931E+00 3.4536E+00 3.5254E+00 3.4821E+00 3.5939E+00 3.6521E+00 3.6656E+00 3.6583E+00 3.9203E+00 4.2039E+00 4.4987E+00 4.5645E+00 4.3366E+00 4.0587E+00 3.6258E+00 4.0446E+00 4.2972E+00 4.3130E+00 4.2933E+00 4.5631E+00 4.5457E+00 4.9656E+00 4.8812E+00 4.4666E+00 5.0275E+00 5.6938E+00 5.6110E+00 4.7846E+00 4.9757E+00 5.1029E+00 5.4667E+00 5.7148E+00 5.8268E+00 5.8767E+00 6.7020E+00 8.3798E+00 7.4564E+00 5.6966E+00 6.0951E+00 6.4599E+00 6.3118E+00 6.2892E+00 6.5461E+00 6.3881E+00 6.3392E+00 6.4831E+00 6.5318E+00 7.3048E+00 6.5546E+00 8.5252E+00 8.6792E+00 6.3455E+00
1.8893E+00 2.4696E+00 2.7450E+00 2.5055E+00 2.6638E+00 2.8255E+00 3.0061E+00 3.2207E+00 3.3932E+00 3.5759E+00 3.6738E+00 3.6840E+00 3.6435E+00 3.7655E+00 3.8264E+00 3.7920E+00 3.8193E+00 4.2206E+00 4.5629E+00 4.4428E+00 4.2549E+00 4.0166E+00 3.9282E+00 4.4174E+00 4.4592E+00 4.1602E+00 4.4623E+00 4.7474E+00 5.1897E+00 5.0884E+00 4.7943E+00 5.3628E+00 5.3780E+00 4.8982E+00 4.7389E+00 5.2881E+00 5.3640E+00 5.6884E+00 5.9209E+00 5.7523E+00 7.0886E+00 8.2416E+00 7.2276E+00 5.8570E+00 6.0101E+00 6.5074E+00 6.6486E+00 6.1398E+00 6.9970E+00 5.9457E+00 6.5172E+00 6.8457E+00 7.6039E+00 6.6897E+00 9.5548E+00 8.4360E+00 5.9419E+00
1.9876E+00 2.6804E+00 3.1037E+00 2.9815E+00 3.0219E+00 2.9897E+00 2.9883E+00 3.0071E+00 2.9232E+00 2.8321E+00 3.0116E+00 3.2198E+00 3.6161E+00 3.7289E+00 3.6630E+00 3.6429E+00 3.7290E+00 3.7616E+00 3.8895E+00 3.7382E+00 3.8849E+00 4.2673E+00 4.4401E+00 4.4273E+00 4.0870E+00 4.1345E+00 4.3701E+00 4.2428E+00 4.1441E+00 4.9410E+00 5.3334E+00 5.1189E+00 4.7807E+00 4.8042E+00 4.8753E+00 4.5073E+00 5.1207E+00 5.2412E+00 5.8383E+00 5.8915E+00 5.9023E+00 6.6103E+00 8.2009E+00 6.1812E+00 5.8384E+00 6.1047E+00 6.3864E+00 6.3329E+00 7.1374E+00 6.2545E+00 7.0446E+00 7.3463E+00 7.7752E+00 7.0833E+00 1.0156E+01 8.4281E+00 6.4283E+00
1.6314E+00 2.2670E+00 2.7343E+00 2.9131E+00 3.1106E+00 3.2403E+00 3.3295E+00 3.3791E+00 3.4180E+00 3.4426E+00 3.4695E+00 3.4672E+00 3.4068E+00 3.3908E+00 3.2943E+00 3.7815E+00 4.1932E+00 4.1996E+00 4.1563E+00 4.0188E+00 4.1069E+00 4.1006E+00 4.1554E+00 4.3037E+00 4.7301E+00 4.8555E+00 4.6933E+00 4.3474E+00 4.4521E+00 4.7267E+00 4.6757E+00 5.0422E+00 5.6254E+00 5.5284E+00 4.9525E+00 5.0612E+00 5.2311E+00 5.1737E+00 5.8970E+00 6.0608E+00 6.3443E+00 6.4449E+00 7.0232E+00 8.4444E+00 6.8174E+00 6.3994E+00 7.1843E+00 7.2807E+00 7.3559E+00 7.4042E+00 8.3022E+00 8.4537E+00 8.5746E+00 8.0768E+00 1.1205E+01 8.8496E+00 7.5857E+00
1.4179E+00 1.8898E+00 1.9773E+00 2.2862E+00 2.5143E+00 2.6356E+00 2.7012E+00 2.7611E+00 2.9427E+00 3.1516E+00 3.3223E+00 3.4297E+00 3.4653E+00 3.4957E+00 3.4679E+00 3.5204E+00 3.5473E+00 3.5198E+00 3.6926E+00 3.8391E+00 4.1240E+00 4.2824E+00 4.2604E+00 4.4273E+00 4.6058E+00 4.7876E+00 4.8839E+00 5.0079E+00 5.0470E+00 5.0673E+00 4.9349E+00 4.6905E+00 4.5379E+00 4.8357E+00 5.3902E+00 5.4294E+00 4.9366E+00 5.2839E+00 5.1052E+00 6.8685E+00 7.7479E+00 6.7281E+00 6.6602E+00 7.8916E+00 7.8801E+00 6.3897E+00 6.5994E+00 7.4821E+00 7.2220E+00 7.4855E+00 8.0373E+00 8.0963E+00 9.0619E+00 9.1346E+00 1.1346E+01 8.3069E+00 7.8847E+00
1.2543E+00 1.7540E+00 2.0444E+00 2.0833E+00 2.2645E+00 2.4770E+00 2.6378E+00 2.7818E+00 2.9029E+00 3.0167E+00 3.0298E+00 3.0065E+00 3.0158E+00 3.1654E+00 3.2517E+00 3.3985E+00 3.5272E+00 3.6533E+00 3.8142E+00 3.8901E+00 3.9828E+00 4.1295E+00 4.3432E+00 4.5620E+00 4.7857E+00 4.9759E+00 5.0937E+00 5.2138E+00 5.2675E+00 5.3327E+00 5.2788E+00 5.1152E+00 4.9289E+00 4.8842E+00 4.8158E+00 4.8998E+00 5.4940E+00 5.6598E+00 5.5191E+00 6.3740E+00 7.2817E+00 6.6105E+00 6.6778E+00 6.7526E+00 8.3364E+00 8.8350E+00 7.0134E+00 7.0975E+00 7.2804E+00 7.3397E+00 8.8736E+00 7.7064E+00 9.5231E+00 1.0208E+01 1.1609E+01 7.7813E+00 7.5647E+00
1.3148E+00 1.8005E+00 2.1128E+00 2.1061E+00 2.2524E+00 2.4187E+00 2.5660E+00 2.6829E+00 2.7621E+00 2.8364E+00 3.0227E+00 3.1323E+00 3.1364E+00 3.1619E+00 3.1597E+00 3.2033E+00 3.2890E+00 3.3600E+00 3.5062E+00 3.5805E+00 3.5965E+00 3.7780E+00 3.9217E+00 4.0210E+00 4.1638E+00 4.2259E+00 4.2201E+00 4.3959E+00 4.7411E+00 4.8527E+00 4.7481E+00 4.3604E+00 4.2935E+00 4.6166E+00 4.7632E+00 4.6706E+00 4.9223E+00 4.9942E+00 5.4074E+00 5.7816E+00 5.4662E+00 5.2023E+00 6.0075E+00 6.8991E+00 9.6365E+00 1.0729E+01 9.0186E+00 7.1881E+00 7.5563E+00 7.7593E+00 7.7126E+00 7.6695E+00 9.6840E+00 1.0578E+01 1.1828E+01 8.5460E+00 6.8476E+00
1.2777E+00 1.7617E+00 2.0647E+00 2.1348E+00 2.3084E+00 2.3623E+00 2.4688E+00 2.7152E+00 2.9370E+00 3.0907E+00 3.1473E+00 3.1486E+00 3.0987E+00 3.0544E+00 3.1950E+00 3.3071E+00 3.3148E+00 3.2028E+00 3.2702E+00 3.4317E+00 3.5619E+00 3.6492E+00 3.6654E+00 3.5887E+00 3.7849E+00 3.9687E+00 4.0366E+00 4.0168E+00 3.9483E+00 4.0439E+00 4.2839E+00 4.8699E+00 4.9576E+00 4.6557E+00 4.3852E+00 4.5136E+00 4.7747E+00 4.8759E+00 5.0520E+00 5.3180E+00 5.3359E+00 5.7719E+00 5.4551E+00 5.6620E+00 7.8369E+00 9.0947E+00 8.4318E+00 8.6958E+00 7.9532E+00 8.1052E+00 7.8800E+00 9.4275E+00 9.8268E+00 9.9941E+00 1.0474E+01 7.8722E+00 6.6708E+00
1.3612E+00 1.9136E+00 2.2399E+00 2.4068E+00 2.4397E+00 2.2530E+00 2.3546E+00 2.4602E+00 2.7710E+00 3.0137E+00 3.1509E+00 3.2501E+00 3.2986E+00 3.3608E+00 3.3643E+00 3.3803E+00 3.3993E+00 3.4392E+00 3.5329E+00 3.5326E+00 3.5651E+00 3.6249E+00 3.8099E+00 3.9521E+00 4.0814E+00 4.2061E+00 4.3198E+00 4.4107E+00 4.4249E+00 4.4551E+00 4.5300E+00 4.4769E+00 4.4323E+00 4.5464E+00 5.0955E+00 5.4661E+00 5.4900E+00 5.3448E+00 5.3614E+00 5.1915E+00 5.3531E+00 6.1988E+00 6.7450E+00 6.0223E+00 5.9090E+00 6.5859E+00 7.2991E+00 8.5458E+00 1.0312E+01 1.2335E+01 1.0859E+01 1.0667E+01 1.1055E+01 1.2249E+01 1.0309E+01 7.7543E+00 8.8533E+00
1.3341E+00 1.8554E+00 2.1443E+00 2.2743E+00 2.6202E+00 2.9085E+00 3.1075E+00 3.1981E+00 3.2031E+00 3.2409E+00 3.1006E+00 3.1315E+00 3.1833E+00 3.2894E+00 3.4277E+00 3.5739E+00 3.7453E+00 3.9019E+00 4.1016E+00 4.2021E+00 4.1474E+00 3.9312E+00 3.6490E+00 3.8861E+00 3.9336E+00 3.8262E+00 3.9789E+00 4.2698E+00 4.4679E+00 4.5919E+00 4.6277E+00 4.5669E+00 4.3212E+00 4.3418E+00 4.4921E+00 4.5596E+00 4.7099E+00 5.0832E+00 5.4178E+00 5.7182E+00 5.8441E+00 5.8004E+00 5.7238E+00 5.6089E+00 6.2987E+00 6.6072E+00 7.1174E+00 7.1514E+00 1.0591E+01 1.3922E+01 1.3394E+01 1.0151E+01 1.2949E+01 1.2480E+01 9.9721E+00 9.1780E+00 9.2099E+00
