inst/extdata/max1h_tv1a_surfer.grd
DSAA
         101          101
 735634.0000  740634.0000
5071041.0000 5076041.0000
  0.2218E+00   0.2274E+02
[rows 0 to 24 of 101, columns 0 to 56 of 101]
1.6832E+00 2.0064E+00 2.0055E+00 2.3105E+00 2.3330E+00 2.4574E+00 2.3093E+00 1.9243E+00 2.4226E+00 2.3416E+00 1.8084E+00 2.0101E+00 2.2860E+00 2.4731E+00 2.3959E+00 2.4906E+00 2.7507E+00 2.5526E+00 2.0534E+00 2.4710E+00 2.4622E+00 1.9890E+00 1.9705E+00 2.1197E+00 1.5743E+00 1.6961E+00 2.1581E+00 2.1563E+00 2.3301E+00 2.6856E+00 2.4643E+00 2.1791E+00 2.5744E+00 2.3488E+00 2.5600E+00 2.3918E+00 2.5775E+00 2.5935E+00 2.3070E+00 2.3328E+00 2.6741E+00 2.1164E+00 2.4958E+00 2.2861E+00 2.6853E+00 2.4327E+00 2.3518E+00 2.1838E+00 2.3497E+00 2.2624E+00 2.2213E+00 2.0708E+00 1.9979E+00 2.2979E+00 2.0014E+00 2.1173E+00 1.9712E+00
2.1368E+00 2.8399E+00 2.5743E+00 2.7777E+00 3.0562E+00 3.0366E+00 3.1229E+00 2.7025E+00 2.8976E+00 3.2324E+00 3.2097E+00 2.3932E+00 3.0660E+00 3.1516E+00 3.2194E+00 3.1502E+00 3.6287E+00 3.4037E+00 2.9780E+00 3.1064E+00 3.4694E+00 3.0781E+00 2.5742E+00 2.8838E+00 2.4059E+00 2.1464E+00 2.7871E+00 2.8437E+00 2.8456E+00 3.5787E+00 3.5293E+00 2.8558E+00 3.4684E+00 3.4663E+00 3.4961E+00 3.4365E+00 3.3314E+00 3.5275E+00 3.2036E+00 3.0215E+00 3.6829E+00 3.1327E+00 3.1942E+00 3.1857E+00 3.6168E+00 3.3988E+00 3.2973E+00 2.9496E+00 3.3010E+00 3.1163E+00 3.1825E+00 2.7825E+00 2.6368E+00 3.0070E+00 2.6699E+00 2.7579E+00 2.5168E+00
1.8735E+00 2.6917E+00 3.0147E+00 2.7673E+00 2.8590E+00 2.9778E+00 3.4071E+00 3.3381E+00 2.7910E+00 3.2792E+00 3.9847E+00 3.4135E+00 2.8871E+00 3.3425E+00 3.6296E+00 3.6486E+00 3.8344E+00 4.2670E+00 3.6730E+00 2.9129E+00 3.7406E+00 3.7221E+00 2.9772E+00 2.9774E+00 2.9680E+00 2.3525E+00 3.1431E+00 3.3058E+00 2.8744E+00 3.7214E+00 4.2468E+00 3.5228E+00 3.5773E+00 4.0149E+00 3.5967E+00 3.9891E+00 3.6467E+00 3.9387E+00 3.6516E+00 3.1165E+00 3.8363E+00 3.7031E+00 3.1729E+00 3.5669E+00 3.6034E+00 3.7782E+00 3.5504E+00 3.2069E+00 3.7787E+00 3.2941E+00 3.4937E+00 2.9994E+00 2.8301E+00 3.2041E+00 3.0866E+00 2.8869E+00 2.6397E+00
2.2066E+00 2.6952E+00 2.7791E+00 3.1207E+00 2.9080E+00 2.7370E+00 3.1754E+00 3.5872E+00 3.4417E+00 2.9310E+00 3.8916E+00 4.2930E+00 3.3629E+00 3.0335E+00 3.6575E+00 3.8096E+00 3.6335E+00 4.5270E+00 4.6606E+00 3.7427E+00 3.3893E+00 3.8694E+00 3.5048E+00 2.7201E+00 3.2076E+00 2.6854E+00 3.2833E+00 3.5962E+00 3.2002E+00 3.3327E+00 4.5406E+00 4.1111E+00 3.2774E+00 4.1619E+00 3.8336E+00 4.2032E+00 3.8683E+00 3.9777E+00 3.8556E+00 3.3201E+00 3.8370E+00 4.0890E+00 3.3038E+00 3.8562E+00 3.3354E+00 4.0537E+00 3.7759E+00 3.2470E+00 3.9634E+00 3.6760E+00 3.6563E+00 3.0636E+00 2.9487E+00 3.3771E+00 3.3512E+00 3.0486E+00 2.7430E+00
2.2269E+00 3.0125E+00 3.1559E+00 2.8772E+00 3.1069E+00 2.9256E+00 2.8657E+00 3.3509E+00 3.5813E+00 3.4652E+00 2.9227E+00 4.0116E+00 4.0665E+00 2.8143E+00 3.1954E+00 3.7641E+00 3.8350E+00 3.9818E+00 4.8597E+00 4.2766E+00 3.5460E+00 3.4557E+00 3.6617E+00 3.1929E+00 3.0619E+00 3.1812E+00 3.2145E+00 3.7054E+00 3.4620E+00 3.1640E+00 4.2554E+00 4.5450E+00 3.5998E+00 3.7632E+00 4.0861E+00 4.0257E+00 4.0672E+00 3.8571E+00 3.9151E+00 3.5200E+00 3.5174E+00 4.0564E+00 3.4047E+00 3.7615E+00 3.6150E+00 3.9810E+00 3.5751E+00 3.1763E+00 3.8659E+00 3.8446E+00 3.5459E+00 3.1403E+00 2.9261E+00 3.4318E+00 3.4086E+00 3.0723E+00 2.7910E+00
2.0353E+00 2.8010E+00 3.3677E+00 3.2910E+00 2.8648E+00 3.1721E+00 2.9652E+00 3.0160E+00 3.3555E+00 3.6347E+00 3.4664E+00 3.0060E+00 3.6715E+00 3.4562E+00 2.5937E+00 3.3189E+00 3.8442E+00 3.8369E+00 4.1922E+00 4.5109E+00 3.9918E+00 3.2003E+00 3.5984E+00 3.5722E+00 2.9824E+00 3.4022E+00 3.0658E+00 3.7253E+00 3.6581E+00 3.1671E+00 3.5094E+00 4.5010E+00 3.8270E+00 3.5161E+00 4.1992E+00 3.8437E+00 4.2518E+00 4.0947E+00 4.1479E+00 3.6524E+00 3.1363E+00 4.0663E+00 3.8420E+00 3.5091E+00 3.7806E+00 3.9082E+00 3.7202E+00 3.3416E+00 3.6700E+00 3.9161E+00 3.4189E+00 3.2170E+00 2.8306E+00 3.4084E+00 3.4312E+00 3.1298E+00 2.9096E+00
2.3682E+00 2.8261E+00 3.0194E+00 3.4876E+00 3.3608E+00 2.9143E+00 3.2918E+00 2.9400E+00 2.8344E+00 3.3257E+00 3.6612E+00 3.4869E+00 3.1843E+00 3.5315E+00 3.5070E+00 2.6328E+00 3.4445E+00 3.8841E+00 3.8569E+00 4.2038E+00 4.3479E+00 3.8408E+00 3.4211E+00 3.7356E+00 3.3506E+00 3.1869E+00 3.2961E+00 3.6479E+00 3.7680E+00 3.0356E+00 3.4563E+00 3.9732E+00 4.0931E+00 3.6357E+00 4.0662E+00 4.4069E+00 4.3262E+00 4.1789E+00 4.1496E+00 3.9492E+00 3.1206E+00 3.9945E+00 4.1646E+00 3.5024E+00 3.7031E+00 3.6080E+00 3.9242E+00 3.7898E+00 3.4582E+00 3.9555E+00 3.3456E+00 3.2264E+00 2.7556E+00 3.3636E+00 3.5044E+00 3.2017E+00 2.9916E+00
2.3171E+00 3.1443E+00 3.1682E+00 3.0738E+00 3.4756E+00 3.4341E+00 3.0590E+00 3.2462E+00 2.8212E+00 2.8249E+00 3.2856E+00 3.7118E+00 3.5428E+00 3.2417E+00 3.9460E+00 3.3608E+00 2.7121E+00 3.4907E+00 3.9427E+00 3.7898E+00 4.5218E+00 4.4003E+00 3.4402E+00 3.5827E+00 3.6500E+00 3.2585E+00 3.2310E+00 3.4696E+00 3.7717E+00 3.1678E+00 3.2611E+00 3.2274E+00 4.1297E+00 3.7721E+00 3.5588E+00 4.5203E+00 4.1589E+00 4.4126E+00 4.0411E+00 4.2239E+00 3.2083E+00 3.7084E+00 4.2844E+00 3.6894E+00 3.6412E+00 3.2634E+00 4.0034E+00 3.9307E+00 3.4492E+00 3.9368E+00 3.4924E+00 3.3376E+00 2.7049E+00 3.3620E+00 3.5703E+00 3.2545E+00 3.0586E+00
2.0124E+00 2.7684E+00 3.4545E+00 3.3667E+00 3.1131E+00 3.6023E+00 3.4943E+00 3.1093E+00 3.1876E+00 2.7654E+00 2.9256E+00 3.3798E+00 3.8367E+00 3.5894E+00 3.6080E+00 4.0450E+00 3.2878E+00 2.9267E+00 3.6866E+00 3.9653E+00 4.1197E+00 4.9928E+00 4.4341E+00 3.4136E+00 3.7570E+00 3.5059E+00 3.4053E+00 3.4083E+00 3.7903E+00 3.3421E+00 3.1026E+00 3.3641E+00 4.2148E+00 4.5021E+00 3.8107E+00 4.2798E+00 4.3735E+00 4.5192E+00 4.4073E+00 4.3369E+00 3.6814E+00 3.4962E+00 4.3619E+00 4.1766E+00 3.7153E+00 3.6574E+00 4.1291E+00 3.9173E+00 3.9748E+00 4.1980E+00 3.9684E+00 3.5679E+00 2.8056E+00 3.5725E+00 3.7128E+00 3.3601E+00 3.1685E+00
2.2299E+00 2.8422E+00 2.9456E+00 3.3696E+00 3.4102E+00 3.1878E+00 3.6779E+00 3.5951E+00 3.1322E+00 3.2032E+00 2.8307E+00 3.0375E+00 3.4513E+00 3.8531E+00 3.6293E+00 3.5505E+00 3.8749E+00 3.2762E+00 2.9385E+00 3.6590E+00 3.9661E+00 4.6745E+00 5.1310E+00 4.0913E+00 3.6500E+00 3.7341E+00 3.4617E+00 3.5403E+00 3.6589E+00 3.4098E+00 3.0454E+00 3.2809E+00 3.7299E+00 4.7067E+00 3.9298E+00 3.6526E+00 4.3370E+00 4.1065E+00 4.5263E+00 4.1191E+00 3.9590E+00 3.5476E+00 4.2311E+00 4.5431E+00 3.7955E+00 3.9178E+00 3.9609E+00 3.7123E+00 3.9280E+00 4.3398E+00 4.1383E+00 3.4382E+00 2.6912E+00 3.5796E+00 3.7545E+00 3.4317E+00 3.2442E+00
2.5563E+00 3.1660E+00 3.1977E+00 3.0198E+00 3.2497E+00 3.4713E+00 3.1925E+00 3.7231E+00 3.5588E+00 3.3076E+00 3.1954E+00 2.9220E+00 3.1318E+00 3.4519E+00 3.8723E+00 3.5910E+00 3.6551E+00 3.9185E+00 3.3304E+00 3.0532E+00 3.7281E+00 4.3139E+00 4.9746E+00 4.9281E+00 3.9193E+00 3.9530E+00 3.6964E+00 3.5502E+00 3.5045E+00 3.4766E+00 2.9423E+00 3.2926E+00 3.3967E+00 4.5342E+00 4.3230E+00 3.8841E+00 4.0298E+00 4.1632E+00 4.4453E+00 4.0582E+00 4.1376E+00 3.5924E+00 3.8773E+00 4.6710E+00 3.8989E+00 3.9654E+00 3.9245E+00 4.0242E+00 3.6272E+00 3.9293E+00 4.2469E+00 3.4613E+00 2.7068E+00 3.5827E+00 3.9101E+00 3.4992E+00 3.3066E+00
2.3645E+00 3.3187E+00 3.7576E+00 3.4487E+00 3.3349E+00 3.2885E+00 3.4541E+00 3.1995E+00 3.6633E+00 3.5029E+00 3.4420E+00 3.2409E+00 2.9860E+00 3.1909E+00 3.4601E+00 3.8462E+00 3.5281E+00 3.8458E+00 3.9944E+00 3.3158E+00 3.3699E+00 3.8571E+00 4.3791E+00 5.0567E+00 4.5683E+00 3.8032E+00 4.1038E+00 3.5666E+00 3.6821E+00 3.5881E+00 3.3374E+00 2.9349E+00 3.3606E+00 4.0521E+00 4.6782E+00 4.0716E+00 3.6135E+00 4.4650E+00 4.3799E+00 4.3288E+00 4.2787E+00 3.7770E+00 3.7569E+00 4.4984E+00 4.0983E+00 3.8750E+00 3.9880E+00 4.1817E+00 3.6732E+00 3.6808E+00 4.2642E+00 3.4876E+00 2.8402E+00 3.6181E+00 4.0540E+00 3.5512E+00 3.3496E+00
2.2764E+00 3.0517E+00 3.6025E+00 3.9530E+00 3.7531E+00 3.4535E+00 3.2332E+00 3.4049E+00 3.3107E+00 3.5916E+00 3.4910E+00 3.4674E+00 3.3639E+00 3.0415E+00 3.3493E+00 3.4620E+00 3.8415E+00 3.5183E+00 3.9810E+00 3.7914E+00 3.2072E+00 3.6998E+00 3.9269E+00 4.5084E+00 5.2344E+00 4.3010E+00 4.0904E+00 3.9978E+00 3.7801E+00 3.8524E+00 3.7213E+00 3.3711E+00 3.0573E+00 3.4687E+00 4.7238E+00 4.3950E+00 3.9873E+00 4.5856E+00 4.2487E+00 4.5732E+00 4.2461E+00 4.0647E+00 3.8640E+00 4.3068E+00 4.2588E+00 3.7544E+00 3.9338E+00 4.0802E+00 3.7163E+00 3.5114E+00 4.3183E+00 3.7244E+00 2.9752E+00 3.6396E+00 4.0201E+00 3.6204E+00 3.4023E+00
2.1849E+00 2.8179E+00 3.2550E+00 3.5611E+00 4.0680E+00 3.9260E+00 3.4240E+00 3.2486E+00 3.5191E+00 3.3525E+00 3.6646E+00 3.6123E+00 3.6810E+00 3.5555E+00 3.2072E+00 3.4436E+00 3.5938E+00 3.9807E+00 3.6947E+00 3.9925E+00 3.7719E+00 3.5256E+00 4.0374E+00 4.1480E+00 5.0126E+00 5.2261E+00 3.9674E+00 4.1737E+00 4.0592E+00 4.0654E+00 4.0856E+00 3.8233E+00 3.2760E+00 3.6062E+00 4.4106E+00 4.9262E+00 4.1802E+00 4.2438E+00 4.8249E+00 4.7481E+00 4.1527E+00 4.4532E+00 4.0472E+00 4.2292E+00 4.4632E+00 3.8443E+00 3.8186E+00 3.9993E+00 3.9515E+00 3.5045E+00 4.5179E+00 4.0490E+00 3.1493E+00 3.7567E+00 3.9825E+00 3.6983E+00 3.4678E+00
2.4237E+00 2.9562E+00 3.1753E+00 3.1843E+00 3.4169E+00 3.9649E+00 3.9906E+00 3.4466E+00 3.2965E+00 3.5804E+00 3.3491E+00 3.7879E+00 3.7106E+00 3.6745E+00 3.5781E+00 3.2250E+00 3.3936E+00 3.6860E+00 4.0869E+00 3.7694E+00 4.0009E+00 3.7808E+00 3.8421E+00 4.1727E+00 4.3113E+00 5.2794E+00 5.0247E+00 3.9424E+00 4.5549E+00 4.1028E+00 4.2853E+00 4.1471E+00 3.6874E+00 3.5977E+00 3.5143E+00 4.8059E+00 4.1485E+00 4.1043E+00 4.6719E+00 4.4975E+00 4.3920E+00 4.4099E+00 4.1619E+00 4.0676E+00 4.5717E+00 4.0338E+00 3.9985E+00 3.8584E+00 4.0348E+00 3.5825E+00 4.5820E+00 4.2815E+00 3.2159E+00 3.7604E+00 3.8912E+00 3.7131E+00 3.5905E+00
2.5085E+00 3.3904E+00 3.5276E+00 3.2220E+00 3.2549E+00 3.3377E+00 3.8152E+00 3.9834E+00 3.5603E+00 3.3434E+00 3.5837E+00 3.5844E+00 3.8112E+00 3.6929E+00 3.6294E+00 3.5439E+00 3.2007E+00 3.3990E+00 3.7760E+00 4.0416E+00 3.8830E+00 4.1390E+00 3.8769E+00 3.9216E+00 4.1640E+00 4.4310E+00 5.4307E+00 4.7764E+00 4.4926E+00 4.2846E+00 4.3407E+00 4.3674E+00 4.0545E+00 3.4568E+00 3.5568E+00 4.3599E+00 4.6945E+00 4.0998E+00 4.1850E+00 4.3850E+00 4.4818E+00 4.2120E+00 4.1682E+00 4.2239E+00 4.7599E+00 4.4708E+00 4.0103E+00 3.9882E+00 4.2011E+00 3.7332E+00 4.5439E+00 4.4700E+00 3.3814E+00 3.8063E+00 3.9338E+00 3.7177E+00 3.7754E+00
2.0346E+00 2.8745E+00 3.5414E+00 3.5791E+00 3.2670E+00 3.2192E+00 3.3150E+00 3.6258E+00 3.9542E+00 3.6560E+00 3.4976E+00 3.7905E+00 3.8007E+00 3.8143E+00 3.7964E+00 3.6433E+00 3.6301E+00 3.2368E+00 3.5513E+00 3.7938E+00 4.0999E+00 4.0856E+00 4.3056E+00 3.8317E+00 4.0805E+00 4.1666E+00 4.8358E+00 5.3827E+00 4.2705E+00 4.4648E+00 4.2525E+00 4.4725E+00 4.3461E+00 3.8475E+00 3.7233E+00 3.7731E+00 5.0441E+00 4.2245E+00 4.4191E+00 4.5052E+00 4.5180E+00 4.0240E+00 4.3140E+00 4.3183E+00 4.6852E+00 4.7291E+00 4.0974E+00 4.1263E+00 4.5052E+00 3.9713E+00 4.4043E+00 4.5940E+00 3.4438E+00 3.8252E+00 3.9636E+00 3.7335E+00 3.9778E+00
1.8807E+00 2.6955E+00 3.1520E+00 3.3476E+00 3.7442E+00 3.6103E+00 2.9751E+00 3.3745E+00 3.4857E+00 3.9697E+00 3.8529E+00 3.5870E+00 3.8483E+00 3.8643E+00 3.8506E+00 3.8591E+00 3.6296E+00 3.5724E+00 3.4264E+00 3.5643E+00 3.9005E+00 4.1729E+00 4.3044E+00 4.3286E+00 3.8079E+00 4.1276E+00 4.4690E+00 5.1154E+00 5.3061E+00 4.2667E+00 4.4002E+00 4.4624E+00 4.5498E+00 4.2221E+00 3.7554E+00 4.0794E+00 4.9355E+00 4.9373E+00 4.4866E+00 4.3721E+00 4.4224E+00 4.3237E+00 4.3331E+00 4.2994E+00 4.4228E+00 4.7289E+00 4.1630E+00 4.0736E+00 4.6696E+00 4.2197E+00 4.1948E+00 4.6188E+00 3.4682E+00 3.8205E+00 3.9805E+00 3.7591E+00 4.0963E+00
2.0354E+00 2.6216E+00 2.9146E+00 3.2184E+00 3.3202E+00 3.9593E+00 3.9085E+00 3.2003E+00 3.3435E+00 3.5028E+00 4.1186E+00 4.2892E+00 3.7437E+00 3.8648E+00 4.0351E+00 3.9371E+00 3.9540E+00 3.7289E+00 3.6670E+00 3.5678E+00 3.6172E+00 3.9319E+00 4.1369E+00 4.5648E+00 4.5663E+00 4.0552E+00 4.3029E+00 4.9706E+00 5.5872E+00 5.0461E+00 4.7032E+00 4.3366E+00 4.6416E+00 4.5466E+00 4.0208E+00 4.1315E+00 4.3735E+00 5.3189E+00 4.5610E+00 4.6857E+00 4.7597E+00 4.8180E+00 4.4265E+00 4.3181E+00 4.2243E+00 4.6717E+00 4.3640E+00 4.1851E+00 4.6380E+00 4.3152E+00 4.0330E+00 4.6677E+00 3.5592E+00 3.8045E+00 4.0718E+00 3.8129E+00 4.1008E+00
2.3282E+00 2.7419E+00 3.0271E+00 3.0754E+00 3.3476E+00 3.4817E+00 3.7654E+00 3.8276E+00 3.3922E+00 3.4010E+00 3.5861E+00 4.2388E+00 4.5186E+00 3.9691E+00 3.8359E+00 4.2026E+00 3.8678E+00 3.8844E+00 3.6990E+00 3.7636E+00 3.7193E+00 3.7360E+00 3.9622E+00 4.2073E+00 4.6865E+00 4.5207E+00 4.2183E+00 4.3103E+00 4.8913E+00 5.7164E+00 4.7491E+00 4.8476E+00 4.5560E+00 4.6901E+00 4.3829E+00 4.3744E+00 3.7699E+00 5.0518E+00 4.6855E+00 4.8728E+00 4.6446E+00 4.8881E+00 4.4100E+00 4.2274E+00 4.2008E+00 4.8184E+00 4.5152E+00 4.2249E+00 4.6144E+00 4.3367E+00 4.1197E+00 4.6767E+00 3.7057E+00 3.9458E+00 4.2300E+00 3.8457E+00 4.2402E+00
2.3780E+00 3.1140E+00 3.4189E+00 3.0643E+00 3.3185E+00 3.4928E+00 3.5527E+00 3.4935E+00 3.8068E+00 3.6921E+00 3.4542E+00 3.6265E+00 4.1406E+00 4.4729E+00 3.9992E+00 3.8654E+00 4.2477E+00 3.9684E+00 3.7662E+00 3.7511E+00 3.8938E+00 3.8858E+00 3.9102E+00 4.0592E+00 4.2293E+00 4.6926E+00 4.4318E+00 4.4122E+00 4.3458E+00 5.3352E+00 5.7399E+00 4.7914E+00 4.6019E+00 4.7056E+00 4.6565E+00 4.2682E+00 4.1363E+00 4.3195E+00 5.1793E+00 4.8647E+00 4.6422E+00 4.6496E+00 4.3952E+00 4.2695E+00 4.3209E+00 4.8722E+00 4.6565E+00 4.1698E+00 4.6731E+00 4.3962E+00 4.1959E+00 4.7287E+00 3.9012E+00 4.1269E+00 4.3044E+00 3.9770E+00 4.1878E+00
2.2924E+00 3.1910E+00 3.6721E+00 3.5870E+00 3.6325E+00 3.4411E+00 3.4276E+00 3.4228E+00 3.3079E+00 3.8121E+00 3.9140E+00 3.3978E+00 3.5008E+00 3.8592E+00 4.3300E+00 4.1048E+00 3.8330E+00 4.2716E+00 4.0669E+00 3.8089E+00 3.8615E+00 4.0149E+00 4.0304E+00 4.1153E+00 4.0727E+00 4.2986E+00 4.6971E+00 4.3525E+00 4.6097E+00 4.5458E+00 5.6779E+00 5.2772E+00 4.8610E+00 4.5265E+00 4.7449E+00 4.6009E+00 4.4717E+00 3.9379E+00 5.0494E+00 4.6718E+00 5.0394E+00 4.6815E+00 4.5626E+00 4.1887E+00 4.3657E+00 4.5069E+00 4.7733E+00 4.0327E+00 4.6707E+00 4.5488E+00 4.2333E+00 4.7534E+00 4.0652E+00 4.1469E+00 4.2424E+00 4.2872E+00 4.3652E+00
2.1011E+00 2.9057E+00 3.2308E+00 3.5335E+00 3.7364E+00 3.7595E+00 3.3920E+00 3.2788E+00 3.1417E+00 3.1300E+00 3.7432E+00 3.9443E+00 3.5186E+00 3.4956E+00 3.8455E+00 4.2682E+00 4.2860E+00 3.9741E+00 4.3787E+00 4.3211E+00 3.9112E+00 3.8534E+00 3.9686E+00 4.2294E+00 4.0790E+00 4.1435E+00 4.3718E+00 4.6615E+00 4.2771E+00 4.5343E+00 5.0128E+00 5.6512E+00 4.7815E+00 4.9401E+00 4.6691E+00 4.7670E+00 4.4600E+00 4.0253E+00 4.2690E+00 5.0979E+00 5.1070E+00 4.3974E+00 4.6618E+00 4.1463E+00 4.3000E+00 4.4986E+00 4.7078E+00 4.3818E+00 4.5584E+00 4.6681E+00 4.2137E+00 4.6457E+00 4.1533E+00 4.1398E+00 4.1312E+00 4.5921E+00 4.5487E+00
1.8994E+00 2.6821E+00 3.2208E+00 3.1711E+00 3.3136E+00 3.7051E+00 3.8349E+00 3.6530E+00 3.3550E+00 3.2303E+00 3.0720E+00 3.4504E+00 3.8308E+00 3.9541E+00 3.5103E+00 3.8506E+00 4.3330E+00 4.5305E+00 4.1590E+00 4.6276E+00 4.5446E+00 4.0632E+00 3.9420E+00 4.4697E+00 4.4831E+00 4.3810E+00 4.4349E+00 4.5952E+00 4.7821E+00 4.5634E+00 4.5922E+00 5.4467E+00 5.8011E+00 4.8689E+00 4.7271E+00 4.7963E+00 4.6990E+00 4.5328E+00 4.3307E+00 5.2981E+00 5.0660E+00 4.9240E+00 4.8250E+00 4.5904E+00 4.4426E+00 4.4668E+00 4.9847E+00 4.7448E+00 4.5976E+00 4.9728E+00 4.3207E+00 4.7282E+00 4.4272E+00 4.2169E+00 4.1129E+00 4.7784E+00 4.6967E+00
2.3982E+00 3.0141E+00 3.0812E+00 3.0973E+00 3.1503E+00 3.0075E+00 3.5112E+00 3.8340E+00 3.8329E+00 3.5672E+00 3.3374E+00 3.1609E+00 3.1957E+00 3.8367E+00 4.0921E+00 3.6592E+00 3.7665E+00 4.2087E+00 4.6442E+00 4.2433E+00 4.4720E+00 4.5595E+00 3.9628E+00 4.1224E+00 4.3543E+00 4.5961E+00 4.5622E+00 4.3783E+00 4.6243E+00 4.7717E+00 4.8006E+00 4.5309E+00 5.4841E+00 5.4401E+00 5.0010E+00 4.5907E+00 4.7125E+00 4.8368E+00 4.4422E+00 4.6958E+00 5.2202E+00 5.1142E+00 4.9356E+00 4.7967E+00 4.4376E+00 4.4176E+00 4.9534E+00 4.7292E+00 4.6520E+00 5.0039E+00 4.3335E+00 4.6332E+00 4.5559E+00 4.2500E+00 4.0977E+00 4.9453E+00 4.8302E+00
