inst/extdata/max_1h_conc.grd
ncols       100
nrows       100
xllcorner      7.375160000E+05
yllcorner      5.081320000E+06
cellsize      5.000000000E+01
nodata_value         -9
[rows 50 to 74 of 100, columns 0 to 56 of 100]
2.7137E-01 3.6892E-01 4.1303E-01 4.2392E-01 4.2994E-01 4.4645E-01 4.5603E-01 4.7489E-01 4.9221E-01 5.0944E-01 5.6045E-01 5.8447E-01 5.7457E-01 5.7893E-01 5.8903E-01 6.0040E-01 6.3842E-01 6.9219E-01 7.3577E-01 7.5863E-01 7.8693E-01 8.6506E-01 8.8939E-01 9.9049E-01 1.1582E+00 1.2536E+00 1.2585E+00 1.2137E+00 1.1795E+00 1.2292E+00 1.3031E+00 1.4008E+00 1.5297E+00 1.6456E+00 1.8659E+00 2.1422E+00 2.5645E+00 3.4673E+00 4.4425E+00 4.7983E+00 4.6392E+00 5.8440E+00 7.2843E+00 9.2301E+00 1.2113E+01 1.6287E+01 2.2807E+01 3.3350E+01 5.2871E+01 1.1771E+02 2.8676E+02 2.2215E+02 1.1154E+02 5.3877E+01 3.2134E+01 1.9095E+01 1.3199E+01
2.6790E-01 3.5420E-01 4.0197E-01 4.2411E-01 4.5433E-01 4.6136E-01 4.7475E-01 4.8611E-01 4.9432E-01 5.1222E-01 5.3633E-01 5.5265E-01 5.6938E-01 5.7753E-01 5.8256E-01 5.9736E-01 6.2502E-01 6.6383E-01 6.9246E-01 6.9582E-01 7.0658E-01 7.2886E-01 7.9024E-01 9.5461E-01 1.1385E+00 1.2132E+00 1.1930E+00 1.1386E+00 1.1317E+00 1.2885E+00 1.4344E+00 1.5529E+00 1.6873E+00 1.8749E+00 2.1242E+00 2.6355E+00 3.1097E+00 3.7543E+00 5.0038E+00 5.5436E+00 5.8808E+00 6.7927E+00 8.0626E+00 1.0261E+01 1.3041E+01 1.7114E+01 2.4062E+01 3.6622E+01 6.0740E+01 1.4412E+02 5.3553E+02 7.1865E+02 1.4414E+02 5.7306E+01 3.0600E+01 1.8748E+01 1.3480E+01
2.8295E-01 3.8665E-01 4.6244E-01 5.1061E-01 5.4087E-01 5.5777E-01 5.5195E-01 5.4152E-01 5.2231E-01 4.8974E-01 4.7990E-01 5.1546E-01 5.3722E-01 5.6385E-01 5.7713E-01 5.8696E-01 6.1273E-01 6.3380E-01 6.6228E-01 7.0850E-01 7.5420E-01 8.0373E-01 8.5936E-01 9.3888E-01 1.0159E+00 1.0565E+00 1.1435E+00 1.1988E+00 1.2087E+00 1.2130E+00 1.3374E+00 1.4797E+00 1.6127E+00 1.7484E+00 2.0148E+00 2.4320E+00 3.1710E+00 3.7359E+00 4.5371E+00 4.8980E+00 5.4401E+00 5.9657E+00 7.6041E+00 9.3943E+00 1.1919E+01 1.6575E+01 2.1689E+01 3.3247E+01 5.6745E+01 1.0165E+02 2.3246E+02 2.7101E+02 1.0807E+02 5.1523E+01 3.0186E+01 1.8331E+01 1.1981E+01
2.7510E-01 3.8561E-01 4.6523E-01 5.0913E-01 5.4633E-01 5.7495E-01 5.8646E-01 5.9482E-01 5.8974E-01 5.6045E-01 5.4176E-01 5.4313E-01 5.6495E-01 6.0154E-01 6.2916E-01 6.5995E-01 6.8248E-01 6.9367E-01 7.1260E-01 7.4843E-01 8.0258E-01 8.4729E-01 8.8652E-01 9.6897E-01 1.0351E+00 1.0516E+00 1.0575E+00 1.1159E+00 1.2357E+00 1.3308E+00 1.4019E+00 1.5187E+00 1.6639E+00 1.9031E+00 2.2586E+00 2.7149E+00 3.3339E+00 3.6761E+00 4.3034E+00 5.2876E+00 5.9169E+00 6.3529E+00 7.1554E+00 8.6401E+00 1.1395E+01 1.3995E+01 1.9746E+01 2.7670E+01 4.0758E+01 5.9767E+01 9.0219E+01 8.8628E+01 6.8475E+01 4.3002E+01 2.7447E+01 1.9526E+01 1.1427E+01
2.2938E-01 3.0928E-01 3.4795E-01 3.7262E-01 4.0736E-01 4.3957E-01 4.4477E-01 4.5713E-01 4.6964E-01 4.7763E-01 4.8378E-01 4.9508E-01 5.0737E-01 5.0247E-01 5.2979E-01 5.4482E-01 5.5546E-01 5.8719E-01 6.2529E-01 6.7134E-01 7.6266E-01 8.6599E-01 8.8638E-01 8.6112E-01 9.3709E-01 1.0135E+00 1.1062E+00 1.1776E+00 1.3416E+00 1.5353E+00 1.7431E+00 1.9580E+00 2.1313E+00 2.2863E+00 2.4672E+00 2.6283E+00 3.1701E+00 3.6254E+00 3.5957E+00 4.2146E+00 5.1256E+00 5.7459E+00 6.5830E+00 8.1873E+00 1.0520E+01 1.2370E+01 1.6547E+01 2.0999E+01 2.8120E+01 3.8719E+01 4.5436E+01 4.4317E+01 3.9423E+01 2.8363E+01 2.0804E+01 1.4966E+01 1.1005E+01
2.6594E-01 3.3625E-01 3.9345E-01 4.3884E-01 4.7796E-01 5.1315E-01 5.4035E-01 5.5520E-01 5.6677E-01 5.8105E-01 5.8966E-01 5.9531E-01 6.1215E-01 6.2881E-01 6.3992E-01 6.5963E-01 6.9195E-01 7.2691E-01 7.7292E-01 8.2107E-01 8.7794E-01 9.2905E-01 9.7719E-01 1.0281E+00 1.0788E+00 1.1275E+00 1.1987E+00 1.2289E+00 1.3229E+00 1.4203E+00 1.5444E+00 1.6949E+00 1.9708E+00 1.9775E+00 2.0867E+00 2.6033E+00 3.1184E+00 3.1568E+00 3.2402E+00 3.8252E+00 4.6681E+00 5.2065E+00 6.8463E+00 6.9892E+00 8.9202E+00 1.1344E+01 1.3225E+01 1.6986E+01 2.0355E+01 2.5473E+01 2.6627E+01 2.8635E+01 2.5270E+01 2.1360E+01 1.6273E+01 1.2393E+01 1.0017E+01
2.9010E-01 3.6865E-01 4.3225E-01 4.8215E-01 5.2650E-01 5.6622E-01 5.9472E-01 6.0969E-01 6.2602E-01 6.4511E-01 6.5464E-01 6.6626E-01 6.8703E-01 7.0203E-01 7.1257E-01 7.4241E-01 7.7004E-01 8.0339E-01 8.3820E-01 8.6863E-01 9.0768E-01 9.3631E-01 9.6644E-01 9.7702E-01 9.9741E-01 1.0349E+00 1.0816E+00 1.1372E+00 1.1959E+00 1.2698E+00 1.3140E+00 1.5052E+00 1.7079E+00 1.8810E+00 1.9979E+00 2.1138E+00 2.5390E+00 3.6136E+00 3.8879E+00 3.5291E+00 4.4800E+00 4.6289E+00 5.7260E+00 6.7548E+00 7.5413E+00 9.3472E+00 1.1862E+01 1.3035E+01 1.4976E+01 1.6891E+01 1.8080E+01 1.8445E+01 1.8986E+01 1.7738E+01 1.3757E+01 1.1613E+01 7.9273E+00
3.1348E-01 3.9714E-01 4.5379E-01 5.0196E-01 5.4149E-01 5.7500E-01 6.0434E-01 6.2729E-01 6.4636E-01 6.6212E-01 6.7207E-01 6.7854E-01 6.8463E-01 6.8105E-01 6.7876E-01 6.8913E-01 6.9421E-01 7.2251E-01 7.4370E-01 7.4849E-01 8.5263E-01 9.9046E-01 1.0543E+00 1.0094E+00 9.2749E-01 9.0982E-01 9.8559E-01 1.0772E+00 1.1762E+00 1.2638E+00 1.3094E+00 1.4543E+00 1.6248E+00 1.7213E+00 1.7171E+00 1.8286E+00 2.3373E+00 2.7190E+00 2.9242E+00 3.1048E+00 3.7316E+00 5.2063E+00 5.9972E+00 5.9443E+00 7.1481E+00 8.6438E+00 9.2546E+00 1.0529E+01 1.2011E+01 1.4250E+01 1.3559E+01 1.3314E+01 1.3212E+01 1.1522E+01 1.0208E+01 9.0120E+00 7.7160E+00
3.1948E-01 3.9872E-01 4.6358E-01 5.0829E-01 5.3748E-01 5.5974E-01 5.7885E-01 5.9022E-01 5.9576E-01 5.9751E-01 5.9251E-01 5.8699E-01 6.4170E-01 6.9943E-01 7.0130E-01 6.4411E-01 5.6955E-01 5.6381E-01 6.1653E-01 7.1626E-01 8.4038E-01 9.4117E-01 9.4652E-01 9.6201E-01 1.0187E+00 1.0489E+00 1.0709E+00 1.1693E+00 1.2672E+00 1.3213E+00 1.3412E+00 1.4030E+00 1.4161E+00 1.5175E+00 1.8411E+00 1.8389E+00 1.9024E+00 2.1753E+00 3.1490E+00 3.4611E+00 4.0219E+00 5.1094E+00 4.6242E+00 5.6366E+00 6.7434E+00 6.7462E+00 8.1260E+00 8.5282E+00 9.3142E+00 1.0242E+01 9.9022E+00 1.0180E+01 1.0023E+01 9.3922E+00 8.8804E+00 7.9749E+00 6.4026E+00
2.9351E-01 3.6361E-01 4.1853E-01 4.5284E-01 4.7043E-01 4.8947E-01 5.6338E-01 6.0099E-01 5.8765E-01 5.5186E-01 5.1370E-01 5.8318E-01 6.7318E-01 7.0164E-01 6.5195E-01 5.5458E-01 6.1002E-01 6.8719E-01 7.5907E-01 8.2279E-01 8.7628E-01 9.2213E-01 9.5234E-01 9.8651E-01 1.0367E+00 1.0646E+00 1.0873E+00 1.1135E+00 1.1777E+00 1.2880E+00 1.3881E+00 1.3944E+00 1.4473E+00 1.4170E+00 1.5651E+00 1.7311E+00 1.7178E+00 2.5049E+00 2.9099E+00 2.8565E+00 2.9625E+00 3.4448E+00 4.0949E+00 4.9552E+00 5.1444E+00 6.2413E+00 6.6626E+00 7.0524E+00 7.4943E+00 7.5838E+00 7.7357E+00 8.2160E+00 7.4068E+00 7.4515E+00 7.0400E+00 6.4700E+00 5.9707E+00
2.4042E-01 2.9210E-01 3.2994E-01 3.5523E-01 4.1932E-01 4.9367E-01 5.5690E-01 5.7832E-01 5.4361E-01 4.8132E-01 4.4862E-01 5.2381E-01 5.8933E-01 5.9191E-01 6.2968E-01 6.9015E-01 7.4786E-01 7.9468E-01 8.2519E-01 8.6360E-01 9.0780E-01 9.3919E-01 9.3401E-01 9.2179E-01 1.1574E+00 1.3159E+00 1.3624E+00 1.3235E+00 1.2143E+00 1.3532E+00 1.5728E+00 1.4501E+00 1.4839E+00 1.5912E+00 1.4852E+00 1.7515E+00 2.0289E+00 2.1560E+00 2.6500E+00 2.3602E+00 2.7124E+00 3.3556E+00 3.9484E+00 3.9209E+00 4.5203E+00 5.0336E+00 5.9813E+00 6.5765E+00 6.4593E+00 6.1087E+00 6.9721E+00 7.0363E+00 5.8666E+00 6.6048E+00 5.8806E+00 6.0956E+00 5.1205E+00
1.7665E-01 2.2384E-01 2.7644E-01 3.3330E-01 3.9741E-01 4.6086E-01 5.0364E-01 5.0454E-01 5.1849E-01 5.5876E-01 5.8989E-01 6.1989E-01 6.5193E-01 6.8065E-01 7.0031E-01 7.1728E-01 7.4899E-01 7.6830E-01 7.7788E-01 7.7897E-01 7.6994E-01 8.0483E-01 1.0218E+00 1.3267E+00 1.5373E+00 1.5554E+00 1.3883E+00 1.1444E+00 1.1668E+00 1.5334E+00 1.5657E+00 1.3431E+00 1.3203E+00 1.4503E+00 1.6778E+00 1.7135E+00 1.8762E+00 1.9396E+00 1.9794E+00 2.3127E+00 2.8272E+00 3.5950E+00 3.4431E+00 3.5149E+00 4.1815E+00 4.6088E+00 4.9267E+00 5.8060E+00 4.8877E+00 5.1725E+00 6.1469E+00 5.9696E+00 4.9640E+00 5.4996E+00 5.2892E+00 4.7800E+00 4.6367E+00
2.2867E-01 3.0576E-01 3.7262E-01 4.2482E-01 4.6831E-01 5.1881E-01 5.6388E-01 6.0302E-01 6.3593E-01 6.5804E-01 6.6100E-01 6.5689E-01 6.5984E-01 6.5413E-01 6.3443E-01 6.3802E-01 6.8470E-01 7.0325E-01 7.1646E-01 7.6688E-01 8.0763E-01 8.8878E-01 1.1628E+00 1.3761E+00 1.4466E+00 1.3177E+00 1.1238E+00 1.2228E+00 1.3531E+00 1.4303E+00 1.2334E+00 1.2457E+00 1.4309E+00 1.6152E+00 1.8248E+00 1.7749E+00 1.6383E+00 1.7129E+00 2.0126E+00 2.4370E+00 2.6070E+00 2.9930E+00 2.6725E+00 3.5402E+00 3.5897E+00 4.6877E+00 4.4320E+00 4.5625E+00 3.8807E+00 4.5218E+00 4.9111E+00 4.7310E+00 3.9836E+00 4.7026E+00 4.1723E+00 4.7159E+00 3.9603E+00
2.8399E-01 3.7182E-01 4.4953E-01 5.1471E-01 5.6734E-01 6.0577E-01 6.3114E-01 6.4321E-01 6.4627E-01 6.3405E-01 6.0289E-01 5.6921E-01 5.4507E-01 5.6276E-01 5.8103E-01 6.1626E-01 6.6618E-01 7.0631E-01 7.3558E-01 7.5284E-01 8.0041E-01 9.2343E-01 9.2985E-01 1.0093E+00 9.9667E-01 1.0568E+00 1.2215E+00 1.2654E+00 1.1694E+00 1.1247E+00 1.2533E+00 1.3351E+00 1.4907E+00 1.8061E+00 1.7908E+00 1.4703E+00 1.5594E+00 1.7726E+00 2.1288E+00 2.1077E+00 2.5974E+00 2.5781E+00 2.8946E+00 3.2635E+00 3.3169E+00 3.4693E+00 3.9409E+00 3.8263E+00 3.5990E+00 3.9319E+00 3.9934E+00 3.9442E+00 3.0989E+00 4.0370E+00 3.8016E+00 3.5846E+00 3.6433E+00
3.3502E-01 4.3028E-01 5.0186E-01 5.5228E-01 5.8538E-01 6.0008E-01 5.9719E-01 5.7477E-01 5.4530E-01 5.0806E-01 5.2761E-01 5.6738E-01 5.9187E-01 6.2687E-01 6.5181E-01 6.6644E-01 7.4027E-01 7.9809E-01 8.4229E-01 8.6341E-01 8.7357E-01 8.9205E-01 8.7404E-01 8.9804E-01 1.1511E+00 1.3467E+00 1.3598E+00 1.2522E+00 1.1226E+00 1.2747E+00 1.1648E+00 1.2166E+00 1.4904E+00 1.6329E+00 1.4530E+00 1.4534E+00 1.6166E+00 1.8539E+00 1.8036E+00 2.1124E+00 2.3884E+00 2.2944E+00 3.4669E+00 2.7165E+00 2.6559E+00 3.1798E+00 3.1776E+00 3.2356E+00 3.6175E+00 3.3588E+00 3.5284E+00 3.5746E+00 2.6638E+00 3.3453E+00 3.2292E+00 2.7326E+00 3.1088E+00
3.4045E-01 4.2635E-01 4.7953E-01 5.0546E-01 5.1548E-01 5.1098E-01 4.8845E-01 4.9337E-01 5.2047E-01 5.5356E-01 5.8864E-01 6.8685E-01 7.4438E-01 7.3700E-01 7.6195E-01 8.2490E-01 8.4974E-01 8.2914E-01 7.9822E-01 7.2483E-01 7.9237E-01 8.3674E-01 8.9613E-01 1.0157E+00 1.2787E+00 1.3600E+00 1.2494E+00 1.1367E+00 1.3394E+00 1.1174E+00 1.1971E+00 1.2303E+00 1.1943E+00 1.3183E+00 1.2629E+00 1.4632E+00 1.6380E+00 1.5639E+00 1.7448E+00 1.9389E+00 2.1141E+00 2.7090E+00 3.0018E+00 2.6527E+00 2.3377E+00 2.5199E+00 2.6449E+00 2.5917E+00 3.2861E+00 2.8411E+00 2.9582E+00 3.1470E+00 2.4201E+00 2.7201E+00 2.8175E+00 2.4609E+00 2.5077E+00
2.9704E-01 3.6217E-01 3.9841E-01 4.4549E-01 4.7247E-01 4.9705E-01 5.1355E-01 5.3070E-01 5.6276E-01 6.4438E-01 7.7659E-01 8.6134E-01 8.6366E-01 7.8016E-01 7.1574E-01 7.1112E-01 6.6933E-01 6.8512E-01 7.2185E-01 7.8749E-01 8.1073E-01 8.2680E-01 8.7014E-01 9.4018E-01 1.0614E+00 1.1272E+00 1.0881E+00 1.1696E+00 1.0345E+00 1.1267E+00 1.0939E+00 1.1269E+00 1.1592E+00 1.1169E+00 1.3718E+00 1.4548E+00 1.3853E+00 1.5550E+00 1.6678E+00 1.8413E+00 2.0415E+00 2.5178E+00 2.1455E+00 2.2018E+00 1.9764E+00 2.1952E+00 2.2952E+00 2.1299E+00 2.8180E+00 2.4351E+00 2.4091E+00 2.7545E+00 2.0833E+00 2.1768E+00 2.5571E+00 2.3502E+00 2.2559E+00
2.9490E-01 3.8410E-01 4.2702E-01 4.5694E-01 5.0133E-01 5.3318E-01 5.6277E-01 5.7099E-01 5.9896E-01 7.4340E-01 8.5134E-01 8.8326E-01 8.1582E-01 6.8421E-01 6.4782E-01 6.8664E-01 7.2977E-01 7.5281E-01 7.7892E-01 8.2098E-01 8.0021E-01 8.5325E-01 9.6025E-01 1.0361E+00 1.0452E+00 1.0030E+00 1.0100E+00 1.0681E+00 1.0520E+00 1.0147E+00 9.6700E-01 9.9047E-01 1.0341E+00 1.3342E+00 1.6150E+00 1.3921E+00 1.4435E+00 1.4967E+00 1.5759E+00 1.6849E+00 2.0823E+00 1.9349E+00 2.0614E+00 1.7743E+00 1.7888E+00 2.0175E+00 1.9927E+00 1.8607E+00 2.3630E+00 2.1046E+00 2.2329E+00 2.3775E+00 1.8261E+00 1.7371E+00 2.2386E+00 2.1844E+00 1.9463E+00
3.1227E-01 4.0947E-01 4.5688E-01 4.8662E-01 5.1379E-01 5.2163E-01 5.2153E-01 5.0898E-01 5.8125E-01 6.8249E-01 7.4909E-01 7.3610E-01 6.4608E-01 6.5510E-01 6.8985E-01 7.1377E-01 7.3672E-01 7.3437E-01 7.2780E-01 8.0199E-01 8.2171E-01 9.0546E-01 9.2643E-01 8.9458E-01 1.0269E+00 1.0528E+00 1.0710E+00 9.9325E-01 9.6872E-01 9.4524E-01 9.6826E-01 1.0174E+00 1.1962E+00 1.2632E+00 1.3626E+00 1.3001E+00 1.3227E+00 1.3565E+00 1.5206E+00 1.7096E+00 1.8265E+00 1.6902E+00 1.7641E+00 1.5950E+00 1.6887E+00 1.8891E+00 1.6933E+00 1.7417E+00 2.0361E+00 1.9077E+00 1.8259E+00 2.0521E+00 1.6849E+00 1.5415E+00 1.9304E+00 1.9736E+00 1.7538E+00
3.0929E-01 3.9705E-01 4.2917E-01 4.3910E-01 4.6230E-01 4.7656E-01 4.8166E-01 5.4198E-01 6.1553E-01 6.3747E-01 6.2159E-01 6.8859E-01 7.2302E-01 6.9542E-01 6.5903E-01 6.5682E-01 6.8143E-01 7.4894E-01 7.3745E-01 7.9355E-01 8.1389E-01 7.9556E-01 8.0650E-01 9.3064E-01 1.0164E+00 9.9845E-01 8.9886E-01 8.9084E-01 9.1892E-01 8.8814E-01 1.0108E+00 1.1478E+00 1.0726E+00 1.1838E+00 1.2234E+00 1.2808E+00 1.1953E+00 1.4148E+00 1.4668E+00 1.6384E+00 1.4548E+00 1.6709E+00 1.4289E+00 1.4949E+00 1.6613E+00 1.7845E+00 1.4491E+00 1.6955E+00 1.7937E+00 1.8199E+00 1.5581E+00 1.8232E+00 1.5871E+00 1.4596E+00 1.6324E+00 1.7359E+00 1.6229E+00
2.8598E-01 3.6909E-01 4.1645E-01 4.3449E-01 4.7493E-01 5.2536E-01 5.5504E-01 5.7892E-01 6.1223E-01 6.2062E-01 6.9738E-01 7.7051E-01 7.7101E-01 7.0788E-01 6.3055E-01 6.7383E-01 7.0252E-01 6.8928E-01 7.1420E-01 7.0623E-01 7.1305E-01 8.6506E-01 9.1021E-01 9.5602E-01 8.9394E-01 8.6833E-01 8.6868E-01 9.2588E-01 8.5104E-01 1.0186E+00 1.0801E+00 9.7512E-01 1.1242E+00 1.2726E+00 1.3433E+00 1.1929E+00 1.3148E+00 1.3116E+00 1.4368E+00 1.3422E+00 1.4347E+00 1.4828E+00 1.4372E+00 1.5272E+00 1.6541E+00 1.6744E+00 1.3938E+00 1.6297E+00 1.5891E+00 1.7074E+00 1.4713E+00 1.6204E+00 1.5007E+00 1.4201E+00 1.3650E+00 1.5795E+00 1.4636E+00
2.7822E-01 3.8526E-01 4.6172E-01 5.0987E-01 5.4719E-01 5.6218E-01 5.4910E-01 5.3396E-01 5.5375E-01 5.7403E-01 6.6778E-01 6.9354E-01 6.6830E-01 6.3034E-01 6.3846E-01 6.5850E-01 6.6334E-01 6.5775E-01 6.6375E-01 7.3571E-01 8.1680E-01 8.7424E-01 8.7782E-01 8.4995E-01 7.9031E-01 8.8014E-01 8.8910E-01 8.6122E-01 1.0330E+00 1.0315E+00 9.3086E-01 1.0343E+00 1.1809E+00 1.3232E+00 1.2268E+00 1.1877E+00 1.1594E+00 1.2568E+00 1.2637E+00 1.1578E+00 1.4256E+00 1.2319E+00 1.3388E+00 1.4768E+00 1.5761E+00 1.5201E+00 1.3427E+00 1.6319E+00 1.4584E+00 1.5894E+00 1.4011E+00 1.4495E+00 1.4225E+00 1.3408E+00 1.2247E+00 1.4469E+00 1.3639E+00
3.1660E-01 4.2787E-01 4.8564E-01 5.0403E-01 5.0541E-01 5.0703E-01 5.2977E-01 5.4581E-01 5.7591E-01 5.7218E-01 5.9871E-01 6.1996E-01 6.2959E-01 6.6026E-01 6.4802E-01 6.1537E-01 6.1706E-01 6.3896E-01 7.3217E-01 8.0156E-01 8.0829E-01 8.1822E-01 7.9563E-01 7.6890E-01 8.2430E-01 8.0211E-01 8.9700E-01 1.0359E+00 9.9956E-01 8.9939E-01 9.7277E-01 9.7527E-01 1.1692E+00 1.1872E+00 1.0654E+00 1.0682E+00 1.1716E+00 1.1736E+00 1.0858E+00 1.2365E+00 1.3110E+00 1.2328E+00 1.3252E+00 1.3623E+00 1.4311E+00 1.3389E+00 1.3365E+00 1.5845E+00 1.3980E+00 1.4633E+00 1.3566E+00 1.3287E+00 1.3661E+00 1.3223E+00 1.1085E+00 1.3026E+00 1.3518E+00
2.9271E-01 3.8379E-01 4.1297E-01 4.5377E-01 4.8970E-01 5.2679E-01 5.5980E-01 5.5983E-01 5.6463E-01 5.8051E-01 5.8364E-01 6.3147E-01 6.4189E-01 6.1620E-01 5.6367E-01 5.6586E-01 6.7640E-01 7.2878E-01 7.6188E-01 7.7350E-01 7.5730E-01 7.1988E-01 7.9349E-01 7.5253E-01 7.7099E-01 8.9878E-01 9.9782E-01 9.4874E-01 8.5011E-01 9.1663E-01 1.0061E+00 1.2295E+00 1.3566E+00 1.1134E+00 1.0121E+00 1.0702E+00 1.1513E+00 1.0085E+00 1.0198E+00 1.2252E+00 1.2344E+00 1.0982E+00 1.2323E+00 1.1970E+00 1.2615E+00 1.1622E+00 1.2958E+00 1.4694E+00 1.3203E+00 1.3109E+00 1.3184E+00 1.2330E+00 1.3172E+00 1.2633E+00 1.1374E+00 1.1809E+00 1.2975E+00
2.8812E-01 3.7836E-01 4.2479E-01 4.6824E-01 5.1245E-01 5.2543E-01 5.2366E-01 5.5759E-01 5.5355E-01 5.6192E-01 5.8879E-01 5.8851E-01 5.5247E-01 5.2100E-01 5.8965E-01 6.6359E-01 6.9006E-01 7.4882E-01 7.7166E-01 7.2787E-01 6.6930E-01 7.1620E-01 6.9160E-01 7.0769E-01 8.8352E-01 9.5672E-01 8.7710E-01 8.1033E-01 9.3933E-01 1.0326E+00 1.1892E+00 1.4343E+00 1.2977E+00 9.7870E-01 9.5089E-01 1.1922E+00 1.1295E+00 9.2293E-01 1.1263E+00 1.2475E+00 1.1661E+00 1.2220E+00 1.3015E+00 1.0941E+00 1.1900E+00 1.2188E+00 1.2241E+00 1.3543E+00 1.2236E+00 1.2429E+00 1.2692E+00 1.1549E+00 1.2702E+00 1.2213E+00 1.1447E+00 1.1481E+00 1.2046E+00
