inst/extdata/max_1h_conc.grd
ncols       100
nrows       100
xllcorner      7.375160000E+05
yllcorner      5.081320000E+06
cellsize      5.000000000E+01
nodata_value         -9
[rows 0 to 24 of 100, columns 0 to 56 of 100]
1.5324E-02 1.9146E-02 2.2959E-02 2.6582E-02 3.0090E-02 3.3461E-02 3.6450E-02 3.8739E-02 4.0230E-02 4.0847E-02 4.0628E-02 4.2802E-02 4.6033E-02 4.9446E-02 5.3296E-02 5.7633E-02 6.2551E-02 6.8294E-02 8.1768E-02 9.8158E-02 1.0077E-01 9.9164E-02 1.1104E-01 1.2547E-01 1.3800E-01 1.4262E-01 1.4121E-01 1.5520E-01 2.1842E-01 2.6391E-01 1.7641E-01 1.2955E-01 1.3997E-01 1.6837E-01 1.7912E-01 1.6481E-01 1.6479E-01 1.6348E-01 1.5839E-01 1.5019E-01 1.6808E-01 1.8209E-01 1.4634E-01 1.4485E-01 1.4361E-01 1.3187E-01 1.5107E-01 1.7285E-01 1.8835E-01 1.9988E-01 2.1113E-01 2.1984E-01 2.1852E-01 2.0323E-01 1.7796E-01 1.5003E-01 2.0742E-01
2.3408E-02 2.9580E-02 3.5609E-02 4.1219E-02 4.6650E-02 5.1936E-02 5.6680E-02 6.0404E-02 6.3000E-02 6.4419E-02 6.4550E-02 6.3559E-02 6.1865E-02 6.6392E-02 7.3845E-02 7.6636E-02 8.2618E-02 8.9790E-02 1.0202E-01 1.2862E-01 1.3929E-01 1.3027E-01 1.4509E-01 1.6151E-01 1.7586E-01 1.8304E-01 1.8346E-01 1.8157E-01 2.6126E-01 3.2164E-01 2.3973E-01 1.6273E-01 1.7037E-01 2.1222E-01 2.3337E-01 2.1892E-01 1.9491E-01 1.9106E-01 1.8372E-01 1.7389E-01 2.2637E-01 2.5094E-01 2.0379E-01 1.8365E-01 1.8672E-01 1.6931E-01 1.8135E-01 2.0640E-01 2.2372E-01 2.3616E-01 2.4818E-01 2.5714E-01 2.5418E-01 2.3519E-01 2.0518E-01 1.7239E-01 2.9213E-01
3.4450E-02 4.3842E-02 5.2845E-02 6.1137E-02 6.9165E-02 7.7021E-02 8.4210E-02 9.0330E-02 9.5337E-02 9.8995E-02 1.0064E-01 9.9923E-02 9.7227E-02 9.3533E-02 9.3452E-02 9.7059E-02 1.0361E-01 1.1127E-01 1.2029E-01 1.4275E-01 1.6189E-01 1.5859E-01 1.7589E-01 1.9380E-01 2.1018E-01 2.2176E-01 2.2639E-01 2.2480E-01 2.5279E-01 3.2772E-01 2.7923E-01 1.9322E-01 1.9572E-01 2.3174E-01 2.6317E-01 2.5394E-01 2.1960E-01 2.1249E-01 2.0265E-01 1.9147E-01 2.5083E-01 2.8452E-01 2.3620E-01 1.9985E-01 2.0700E-01 1.8925E-01 2.0304E-01 2.2899E-01 2.4784E-01 2.6232E-01 2.7583E-01 2.8478E-01 2.8036E-01 2.5928E-01 2.2709E-01 1.9785E-01 3.5310E-01
4.8800E-02 6.2513E-02 7.5668E-02 8.7823E-02 9.9490E-02 1.1089E-01 1.2176E-01 1.3200E-01 1.4152E-01 1.4931E-01 1.5368E-01 1.5404E-01 1.5123E-01 1.4613E-01 1.3854E-01 1.2874E-01 1.2447E-01 1.3144E-01 1.3964E-01 1.5021E-01 1.6681E-01 1.8125E-01 2.0074E-01 2.2121E-01 2.4208E-01 2.6095E-01 2.7260E-01 2.7465E-01 2.6839E-01 3.0811E-01 2.9364E-01 2.3086E-01 2.2438E-01 2.3648E-01 2.7974E-01 2.7908E-01 2.3455E-01 2.2432E-01 2.1256E-01 2.0088E-01 2.6593E-01 3.1977E-01 2.7778E-01 2.0778E-01 2.1563E-01 2.0330E-01 2.4339E-01 2.4734E-01 2.6430E-01 2.8362E-01 3.0096E-01 3.1088E-01 3.0515E-01 2.8208E-01 2.4790E-01 2.5287E-01 3.7079E-01
6.8441E-02 8.8601E-02 1.0812E-01 1.2635E-01 1.4330E-01 1.5923E-01 1.7503E-01 1.9107E-01 2.0653E-01 2.1869E-01 2.2570E-01 2.2801E-01 2.2664E-01 2.2117E-01 2.0906E-01 1.9114E-01 1.7073E-01 1.5071E-01 1.5548E-01 1.6488E-01 1.7841E-01 1.9510E-01 2.1402E-01 2.3549E-01 2.6047E-01 2.8629E-01 3.0509E-01 3.1347E-01 3.1346E-01 3.0672E-01 3.1018E-01 2.7777E-01 2.5940E-01 2.5142E-01 2.8560E-01 2.9574E-01 2.5291E-01 2.2547E-01 2.1329E-01 2.0261E-01 2.8349E-01 3.6690E-01 3.2955E-01 2.2170E-01 2.3402E-01 2.3032E-01 2.6838E-01 2.6994E-01 2.7941E-01 3.0722E-01 3.3149E-01 3.4455E-01 3.3811E-01 3.1128E-01 2.7228E-01 2.9779E-01 3.8779E-01
9.7558E-02 1.2840E-01 1.5789E-01 1.8520E-01 2.0888E-01 2.2850E-01 2.4804E-01 2.6831E-01 2.8662E-01 2.9879E-01 3.0560E-01 3.0982E-01 3.1042E-01 3.0530E-01 2.9003E-01 2.6586E-01 2.3714E-01 2.0646E-01 1.7699E-01 1.7059E-01 1.8144E-01 1.9418E-01 2.0847E-01 2.2654E-01 2.5002E-01 2.7627E-01 2.9804E-01 3.1279E-01 3.2236E-01 3.2652E-01 3.2607E-01 3.2002E-01 3.0700E-01 2.8720E-01 2.7169E-01 3.0460E-01 2.7869E-01 2.2099E-01 2.0731E-01 1.9944E-01 2.9259E-01 3.8815E-01 3.6283E-01 2.3220E-01 2.5493E-01 2.4628E-01 2.8083E-01 2.7870E-01 2.9686E-01 3.3688E-01 3.7166E-01 3.9101E-01 3.8477E-01 3.5106E-01 3.0236E-01 3.3439E-01 4.0611E-01
1.3758E-01 1.8283E-01 2.2179E-01 2.5392E-01 2.7827E-01 2.9484E-01 3.1132E-01 3.2811E-01 3.4109E-01 3.4881E-01 3.5355E-01 3.5910E-01 3.6458E-01 3.6641E-01 3.5634E-01 3.3619E-01 3.0933E-01 2.7408E-01 2.3286E-01 1.9191E-01 1.6764E-01 1.8932E-01 2.0936E-01 1.9772E-01 2.1408E-01 2.3427E-01 2.5370E-01 2.7109E-01 2.8737E-01 3.0369E-01 3.2356E-01 3.4246E-01 3.4673E-01 3.3311E-01 3.0837E-01 3.0993E-01 3.0794E-01 2.5969E-01 2.1246E-01 1.9393E-01 2.7573E-01 3.8877E-01 3.9071E-01 2.5845E-01 2.7030E-01 2.5520E-01 2.9011E-01 2.8425E-01 3.1917E-01 3.7551E-01 4.2496E-01 4.5232E-01 4.4423E-01 3.9934E-01 3.3655E-01 3.5790E-01 4.3080E-01
1.7304E-01 2.2773E-01 2.6608E-01 2.8875E-01 3.0042E-01 3.0584E-01 3.1251E-01 3.1800E-01 3.2076E-01 3.2616E-01 3.3109E-01 3.3813E-01 3.5475E-01 3.7414E-01 3.8067E-01 3.8092E-01 3.7666E-01 3.5260E-01 3.0262E-01 2.4396E-01 1.9622E-01 1.8825E-01 2.1883E-01 2.2518E-01 1.9072E-01 2.0138E-01 2.0993E-01 2.1822E-01 2.3729E-01 2.6169E-01 2.9613E-01 3.3636E-01 3.6445E-01 3.6836E-01 3.5478E-01 3.2777E-01 3.4489E-01 3.1095E-01 2.6097E-01 2.1449E-01 2.6183E-01 3.9428E-01 4.1598E-01 2.8207E-01 2.8958E-01 2.7573E-01 2.9761E-01 2.8962E-01 3.4639E-01 4.2199E-01 4.8816E-01 5.2167E-01 5.0707E-01 4.4809E-01 3.7015E-01 3.5028E-01 4.6393E-01
1.7813E-01 2.2833E-01 2.5534E-01 2.6220E-01 2.5917E-01 2.5488E-01 2.5399E-01 2.5301E-01 2.5207E-01 2.5579E-01 2.5846E-01 2.6419E-01 2.8527E-01 3.1623E-01 3.4348E-01 3.7205E-01 4.0254E-01 4.1055E-01 3.7363E-01 3.1115E-01 2.4813E-01 2.2278E-01 2.2135E-01 2.4305E-01 2.2866E-01 2.3859E-01 2.4438E-01 2.4465E-01 2.5186E-01 2.6942E-01 2.8350E-01 3.2596E-01 3.5473E-01 3.8613E-01 3.9332E-01 3.7597E-01 3.8358E-01 3.6214E-01 3.0041E-01 2.3077E-01 2.6875E-01 4.1267E-01 4.3584E-01 3.0865E-01 3.1742E-01 3.0634E-01 3.0485E-01 2.9518E-01 3.7392E-01 4.6733E-01 5.4791E-01 5.8339E-01 5.5900E-01 4.8708E-01 3.9738E-01 3.9111E-01 4.8236E-01
1.5229E-01 1.8857E-01 2.0366E-01 2.0391E-01 1.9871E-01 1.9300E-01 1.9034E-01 1.9058E-01 1.8988E-01 1.9856E-01 2.0969E-01 2.1957E-01 2.2801E-01 2.3498E-01 2.6073E-01 3.0108E-01 3.5283E-01 4.0097E-01 4.1223E-01 3.8227E-01 3.1913E-01 2.5681E-01 2.4540E-01 2.6538E-01 2.6851E-01 2.7652E-01 2.7821E-01 2.7288E-01 2.8362E-01 3.0707E-01 3.2793E-01 3.4440E-01 3.6821E-01 3.8375E-01 4.2205E-01 4.2095E-01 4.2351E-01 4.1600E-01 3.3120E-01 2.3214E-01 2.5931E-01 4.0382E-01 4.3371E-01 3.2109E-01 3.5978E-01 3.5511E-01 3.1556E-01 3.0645E-01 3.9451E-01 4.9826E-01 5.8740E-01 6.2269E-01 5.8986E-01 5.0896E-01 4.1298E-01 4.4914E-01 4.9727E-01
1.1890E-01 1.4438E-01 1.5316E-01 1.5359E-01 1.5437E-01 1.7099E-01 1.8753E-01 2.0364E-01 2.1895E-01 2.3316E-01 2.4598E-01 2.5727E-01 2.6687E-01 2.7472E-01 2.8079E-01 2.8518E-01 2.8798E-01 3.2342E-01 3.7569E-01 4.0266E-01 3.7259E-01 3.0901E-01 2.8311E-01 2.9547E-01 3.0636E-01 3.1176E-01 3.0891E-01 2.9810E-01 3.0633E-01 3.3528E-01 3.6309E-01 3.8788E-01 4.1374E-01 4.1837E-01 4.3308E-01 4.6578E-01 4.3475E-01 4.4265E-01 3.4765E-01 2.3101E-01 2.3905E-01 3.8718E-01 4.4324E-01 3.4953E-01 4.1218E-01 4.2087E-01 3.3130E-01 3.1322E-01 4.0094E-01 5.0233E-01 5.9158E-01 6.2932E-01 5.9685E-01 5.1423E-01 4.1741E-01 5.0464E-01 5.0332E-01
1.0633E-01 1.2259E-01 1.4003E-01 1.5840E-01 1.7737E-01 1.9658E-01 2.1555E-01 2.3386E-01 2.5105E-01 2.6684E-01 2.8092E-01 2.9322E-01 3.0357E-01 3.1191E-01 3.1822E-01 3.2286E-01 3.2536E-01 3.2647E-01 3.2599E-01 3.3592E-01 3.5862E-01 3.3752E-01 3.1403E-01 3.2616E-01 3.3620E-01 3.3958E-01 3.3359E-01 3.1920E-01 3.1805E-01 3.5136E-01 3.8526E-01 4.1810E-01 4.4746E-01 4.7006E-01 4.8183E-01 4.8832E-01 4.8285E-01 4.5923E-01 3.6668E-01 2.9631E-01 2.4798E-01 3.7848E-01 4.7059E-01 3.8195E-01 4.4708E-01 4.7221E-01 3.8357E-01 3.5019E-01 3.9267E-01 4.8202E-01 5.6547E-01 6.1033E-01 5.8973E-01 5.1414E-01 4.1997E-01 5.4271E-01 4.7829E-01
1.1863E-01 1.3712E-01 1.5691E-01 1.7768E-01 1.9901E-01 2.2045E-01 2.4143E-01 2.6142E-01 2.7996E-01 2.9675E-01 3.1157E-01 3.2437E-01 3.3501E-01 3.4346E-01 3.4980E-01 3.5795E-01 3.5607E-01 3.5671E-01 3.5571E-01 3.5291E-01 3.4840E-01 3.4251E-01 3.4117E-01 3.4138E-01 3.5060E-01 3.5376E-01 3.4799E-01 3.3381E-01 3.1904E-01 3.5515E-01 3.9355E-01 4.3296E-01 4.7123E-01 5.0526E-01 5.3073E-01 5.4224E-01 5.3434E-01 5.0326E-01 4.4891E-01 3.7664E-01 2.9680E-01 3.5238E-01 4.6456E-01 4.2169E-01 4.5639E-01 5.0479E-01 4.2387E-01 4.0729E-01 3.7724E-01 4.5489E-01 5.3619E-01 5.9299E-01 5.8838E-01 5.2193E-01 4.3998E-01 5.6133E-01 4.4747E-01
1.3055E-01 1.4975E-01 1.7149E-01 1.9417E-01 2.1730E-01 2.4035E-01 2.6265E-01 2.8365E-01 3.0287E-01 3.2005E-01 3.3504E-01 3.4787E-01 3.5846E-01 3.6671E-01 3.7258E-01 3.7622E-01 3.7796E-01 3.7802E-01 3.7643E-01 3.7303E-01 3.6791E-01 3.6145E-01 3.6834E-01 3.7671E-01 3.7876E-01 3.6803E-01 3.4606E-01 3.3694E-01 3.2114E-01 3.4853E-01 3.8953E-01 4.3341E-01 4.7847E-01 5.2218E-01 5.6065E-01 5.8842E-01 5.9863E-01 5.8409E-01 5.3962E-01 4.6668E-01 3.7602E-01 3.3445E-01 4.6138E-01 4.4535E-01 4.4785E-01 5.2832E-01 4.6224E-01 4.4769E-01 3.9903E-01 4.3251E-01 5.2012E-01 5.9505E-01 6.0846E-01 5.4949E-01 5.0217E-01 5.8087E-01 5.1128E-01
1.4928E-01 1.6881E-01 1.8595E-01 2.0612E-01 2.3026E-01 2.5409E-01 2.7691E-01 2.9816E-01 3.1739E-01 3.3439E-01 3.4911E-01 3.6165E-01 3.7194E-01 3.7989E-01 3.8542E-01 3.8866E-01 3.8995E-01 3.8956E-01 3.8754E-01 3.8375E-01 3.9848E-01 4.1936E-01 4.3190E-01 4.4017E-01 4.4274E-01 4.3906E-01 4.2124E-01 3.8324E-01 3.3001E-01 3.3433E-01 3.7614E-01 4.2237E-01 4.7185E-01 5.2272E-01 5.7190E-01 6.1460E-01 6.4383E-01 6.5021E-01 6.2369E-01 5.6003E-01 4.6641E-01 3.5909E-01 4.7703E-01 4.8164E-01 4.2458E-01 5.2897E-01 4.9874E-01 5.0162E-01 4.1941E-01 4.1680E-01 5.1471E-01 6.1348E-01 6.5481E-01 6.0853E-01 5.6324E-01 5.9482E-01 5.6010E-01
1.6499E-01 1.8774E-01 2.0829E-01 2.2548E-01 2.3847E-01 2.6009E-01 2.8258E-01 3.0334E-01 3.2199E-01 3.3838E-01 3.5255E-01 3.6462E-01 3.7458E-01 3.8229E-01 3.8765E-01 3.9077E-01 3.9192E-01 3.9141E-01 3.8925E-01 3.8532E-01 4.1243E-01 4.3059E-01 4.4610E-01 4.5185E-01 4.5520E-01 4.6213E-01 4.6741E-01 4.5471E-01 4.1548E-01 3.5766E-01 3.5662E-01 4.0339E-01 4.5512E-01 5.1067E-01 5.6768E-01 6.2240E-01 6.6870E-01 6.9652E-01 6.9315E-01 6.4895E-01 5.6324E-01 4.4776E-01 4.8578E-01 5.0936E-01 4.2374E-01 5.0183E-01 5.2568E-01 5.5110E-01 4.4170E-01 4.1485E-01 5.2822E-01 6.5419E-01 7.2762E-01 6.9356E-01 6.2708E-01 5.8532E-01 5.9252E-01
1.8375E-01 2.3085E-01 2.4356E-01 2.4616E-01 2.6303E-01 2.7547E-01 2.8328E-01 2.9879E-01 3.1639E-01 3.3187E-01 3.4533E-01 3.5690E-01 3.6659E-01 3.7424E-01 3.7974E-01 3.8316E-01 3.8470E-01 3.8455E-01 3.8267E-01 3.7894E-01 3.8174E-01 4.0034E-01 4.1202E-01 4.1812E-01 4.2629E-01 4.4442E-01 4.7084E-01 4.8953E-01 4.8296E-01 4.4840E-01 3.9121E-01 3.7977E-01 4.3195E-01 4.8992E-01 5.5205E-01 6.1549E-01 6.7517E-01 7.2188E-01 7.4295E-01 7.2493E-01 6.5788E-01 5.4410E-01 4.8358E-01 5.4475E-01 4.2921E-01 4.9171E-01 5.2904E-01 5.6669E-01 4.7727E-01 4.2732E-01 5.6243E-01 7.1926E-01 8.2054E-01 7.8978E-01 6.7053E-01 5.4391E-01 6.1264E-01
1.8169E-01 2.3339E-01 2.6621E-01 2.8006E-01 2.8153E-01 2.9731E-01 3.1009E-01 3.1868E-01 3.2318E-01 3.2376E-01 3.2865E-01 3.3975E-01 3.4932E-01 3.5720E-01 3.6329E-01 3.6756E-01 3.7012E-01 3.7097E-01 3.6995E-01 3.6689E-01 3.6198E-01 3.5584E-01 3.5880E-01 3.6986E-01 3.8716E-01 4.1755E-01 4.6190E-01 5.0929E-01 5.4271E-01 5.4986E-01 5.1649E-01 4.3812E-01 4.0527E-01 4.6370E-01 5.2844E-01 5.9740E-01 6.6658E-01 7.2841E-01 7.7186E-01 7.8193E-01 7.4147E-01 6.4205E-01 4.9835E-01 5.7773E-01 4.5705E-01 4.9282E-01 5.5850E-01 5.6888E-01 4.9148E-01 4.4739E-01 6.0652E-01 7.9565E-01 9.2361E-01 8.9336E-01 7.3000E-01 5.5013E-01 6.2533E-01
1.8118E-01 2.0967E-01 2.3771E-01 2.7104E-01 3.0035E-01 3.1131E-01 3.2755E-01 3.4196E-01 3.5283E-01 3.6012E-01 3.6357E-01 3.6244E-01 3.5559E-01 3.5914E-01 3.6514E-01 3.5167E-01 3.5033E-01 3.5288E-01 3.5342E-01 3.5171E-01 3.4931E-01 3.4722E-01 3.4040E-01 3.3069E-01 3.5401E-01 3.9599E-01 4.5548E-01 5.2745E-01 5.9990E-01 6.5148E-01 6.5144E-01 5.7930E-01 4.5479E-01 4.3437E-01 4.9949E-01 5.7113E-01 6.4664E-01 7.2028E-01 7.8277E-01 8.1908E-01 8.0934E-01 7.3623E-01 5.9944E-01 6.2379E-01 5.2524E-01 5.1579E-01 5.7625E-01 5.8996E-01 5.1415E-01 4.6577E-01 6.4442E-01 8.5562E-01 1.0045E+00 9.7369E-01 7.9088E-01 5.7188E-01 6.4200E-01
1.7489E-01 2.0320E-01 2.3172E-01 2.5960E-01 2.8607E-01 3.1060E-01 3.3283E-01 3.5253E-01 3.6959E-01 3.8390E-01 3.9499E-01 4.0180E-01 4.0256E-01 3.9523E-01 3.8849E-01 3.7462E-01 3.4806E-01 3.6758E-01 3.8225E-01 3.9305E-01 3.9914E-01 3.9898E-01 3.9208E-01 3.7919E-01 3.6237E-01 3.7256E-01 4.3939E-01 5.2456E-01 6.2366E-01 7.1482E-01 7.5716E-01 7.1092E-01 5.8340E-01 4.2101E-01 4.6726E-01 5.3921E-01 6.1826E-01 7.0058E-01 7.7854E-01 8.3794E-01 8.5891E-01 8.1825E-01 6.9905E-01 6.7317E-01 6.2243E-01 5.4420E-01 5.8765E-01 6.1108E-01 5.3248E-01 4.7208E-01 6.5253E-01 8.6830E-01 1.0289E+00 9.9975E-01 8.1069E-01 6.2662E-01 6.5141E-01
1.6374E-01 1.9070E-01 2.1840E-01 2.5241E-01 2.8124E-01 3.0448E-01 3.2451E-01 3.4790E-01 3.6969E-01 3.8980E-01 4.0782E-01 4.2263E-01 4.3215E-01 4.3367E-01 4.2465E-01 4.0395E-01 3.7245E-01 3.8434E-01 4.0651E-01 4.2580E-01 4.4005E-01 4.4645E-01 4.4395E-01 4.3237E-01 4.1345E-01 3.9346E-01 4.0421E-01 4.8829E-01 5.9231E-01 7.0231E-01 7.8272E-01 7.8368E-01 6.8549E-01 5.1518E-01 4.4343E-01 5.0388E-01 5.8365E-01 6.7085E-01 7.5994E-01 8.3903E-01 8.8939E-01 8.8349E-01 7.9126E-01 6.8725E-01 7.1059E-01 5.6482E-01 6.1152E-01 6.0645E-01 5.4431E-01 4.9242E-01 6.1913E-01 8.1731E-01 9.8360E-01 9.7503E-01 7.9735E-01 6.5857E-01 7.1733E-01
1.4909E-01 1.8219E-01 2.2054E-01 2.5458E-01 2.8259E-01 3.0455E-01 3.2215E-01 3.3770E-01 3.5320E-01 3.7584E-01 3.9861E-01 4.1980E-01 4.3752E-01 4.4893E-01 4.5080E-01 4.4074E-01 4.1807E-01 3.8420E-01 3.9726E-01 4.2800E-01 4.5593E-01 4.7672E-01 4.8765E-01 4.8521E-01 4.6885E-01 4.4510E-01 4.2033E-01 4.2421E-01 5.1501E-01 6.1866E-01 7.1770E-01 7.6999E-01 7.2850E-01 5.8659E-01 4.4265E-01 4.8997E-01 5.4545E-01 6.3405E-01 7.3002E-01 8.2560E-01 9.0482E-01 9.3652E-01 8.7952E-01 7.2288E-01 7.6154E-01 5.7811E-01 6.4380E-01 6.2528E-01 5.7002E-01 5.3417E-01 5.6940E-01 7.4759E-01 9.2292E-01 9.4640E-01 7.8558E-01 7.0825E-01 7.9001E-01
1.3576E-01 1.7163E-01 2.0645E-01 2.3696E-01 2.6151E-01 2.8019E-01 2.9500E-01 3.0855E-01 3.2859E-01 3.4468E-01 3.6935E-01 4.3667E-01 4.8747E-01 4.7200E-01 4.5201E-01 4.5573E-01 4.4711E-01 4.2543E-01 3.9195E-01 3.9379E-01 4.3592E-01 4.7568E-01 5.0817E-01 5.2521E-01 5.2130E-01 5.0209E-01 4.7703E-01 4.4926E-01 4.1875E-01 5.0451E-01 6.0394E-01 6.9420E-01 7.3099E-01 6.5977E-01 5.1025E-01 4.7070E-01 5.0708E-01 5.9419E-01 6.9362E-01 8.0128E-01 9.0460E-01 9.7338E-01 9.6044E-01 8.3382E-01 8.0347E-01 6.1185E-01 7.2530E-01 7.1603E-01 6.1361E-01 5.7891E-01 5.9753E-01 7.3933E-01 8.8042E-01 9.3472E-01 7.8472E-01 7.7363E-01 8.1458E-01
1.2295E-01 1.5374E-01 1.8341E-01 2.0924E-01 2.2970E-01 2.4492E-01 2.6616E-01 2.8618E-01 3.0278E-01 3.2199E-01 3.4659E-01 4.5394E-01 5.5080E-01 5.8012E-01 5.4390E-01 5.3511E-01 5.4499E-01 5.0086E-01 4.3167E-01 3.9978E-01 3.8113E-01 4.3371E-01 4.8590E-01 5.2809E-01 5.5052E-01 5.5193E-01 5.3829E-01 5.1421E-01 4.9982E-01 4.8184E-01 4.8719E-01 6.1730E-01 6.9633E-01 7.1193E-01 5.8978E-01 5.2921E-01 5.5124E-01 5.5301E-01 6.5266E-01 7.6636E-01 8.8526E-01 9.8574E-01 1.0231E+00 9.4317E-01 8.5080E-01 6.4945E-01 8.5070E-01 8.8377E-01 6.4944E-01 6.2316E-01 6.4227E-01 7.3224E-01 8.7157E-01 9.5185E-01 8.0768E-01 7.7431E-01 8.1751E-01
1.3465E-01 1.7976E-01 2.2513E-01 2.6701E-01 3.0238E-01 3.2883E-01 3.5065E-01 3.6751E-01 3.8086E-01 3.9451E-01 4.1259E-01 4.4236E-01 5.3246E-01 5.8662E-01 5.9267E-01 6.5435E-01 7.1546E-01 6.8760E-01 5.9723E-01 4.9225E-01 4.0824E-01 3.9163E-01 4.1726E-01 4.7732E-01 5.3159E-01 5.7078E-01 5.8922E-01 5.8497E-01 5.5945E-01 5.7785E-01 5.3360E-01 5.6403E-01 6.3012E-01 7.2149E-01 6.8663E-01 5.8343E-01 5.5718E-01 5.7949E-01 6.0775E-01 7.2266E-01 8.5210E-01 9.8000E-01 1.0669E+00 1.0466E+00 8.7228E-01 7.0348E-01 9.4576E-01 1.0304E+00 7.6148E-01 6.6593E-01 6.8442E-01 7.8550E-01 8.9495E-01 1.0194E+00 8.8376E-01 8.0707E-01 8.6218E-01
