inst/extdata/max_1h_conc.grd
ncols       100
nrows       100
xllcorner      7.375160000E+05
yllcorner      5.081320000E+06
cellsize      5.000000000E+01
nodata_value         -9
[rows 75 to 99 of 100, columns 0 to 56 of 100]
2.7975E-01 3.7932E-01 4.2212E-01 4.4979E-01 5.0133E-01 5.6244E-01 5.7714E-01 5.3122E-01 5.1456E-01 5.1905E-01 5.2630E-01 5.4944E-01 5.5430E-01 6.2058E-01 6.6238E-01 6.8023E-01 7.4228E-01 7.4404E-01 6.8752E-01 6.4086E-01 6.4717E-01 6.3876E-01 7.1285E-01 8.5588E-01 8.9162E-01 7.9282E-01 7.7914E-01 8.7380E-01 1.0105E+00 1.0258E+00 1.3686E+00 1.3612E+00 1.0525E+00 8.5727E-01 1.1860E+00 1.2655E+00 1.0178E+00 9.7662E-01 1.1613E+00 1.1025E+00 1.0116E+00 1.3563E+00 1.3359E+00 1.0776E+00 1.1242E+00 1.2161E+00 1.2359E+00 1.2614E+00 1.1402E+00 1.2101E+00 1.2330E+00 1.0909E+00 1.2042E+00 1.1931E+00 1.1199E+00 1.0553E+00 1.0956E+00
2.8253E-01 3.6531E-01 4.6062E-01 5.2136E-01 5.4245E-01 5.2625E-01 4.6788E-01 4.9319E-01 5.5711E-01 5.6498E-01 5.5146E-01 5.7929E-01 6.2588E-01 6.5145E-01 6.6757E-01 7.0233E-01 6.8651E-01 6.5099E-01 5.9029E-01 6.1198E-01 6.2459E-01 6.9712E-01 8.1497E-01 8.3862E-01 7.2543E-01 7.3112E-01 8.0081E-01 9.0456E-01 8.8485E-01 1.0583E+00 1.1980E+00 1.0420E+00 8.0296E-01 1.0340E+00 1.2548E+00 1.1591E+00 8.6356E-01 1.0678E+00 1.1178E+00 9.9201E-01 1.0389E+00 1.3213E+00 1.2309E+00 1.0421E+00 9.7191E-01 1.1469E+00 1.1922E+00 1.1313E+00 1.0663E+00 1.1521E+00 1.1905E+00 1.0504E+00 1.1356E+00 1.1636E+00 1.0766E+00 9.7376E-01 1.0278E+00
3.3257E-01 4.5095E-01 4.9696E-01 4.9266E-01 4.4186E-01 4.3349E-01 5.3209E-01 5.8643E-01 5.6734E-01 5.1375E-01 5.7821E-01 6.1497E-01 6.2571E-01 6.7208E-01 6.7326E-01 6.3332E-01 6.0654E-01 5.7371E-01 5.8328E-01 6.0616E-01 7.6583E-01 7.7005E-01 7.6401E-01 6.8964E-01 7.0549E-01 7.4816E-01 8.1688E-01 8.0997E-01 7.8085E-01 8.7639E-01 8.4156E-01 8.0776E-01 8.3364E-01 1.1058E+00 1.1756E+00 9.6695E-01 9.1796E-01 1.0801E+00 9.8712E-01 9.1832E-01 9.8326E-01 1.1290E+00 1.0229E+00 1.0488E+00 9.0696E-01 1.0444E+00 1.1359E+00 1.0478E+00 1.0745E+00 1.0746E+00 1.1188E+00 1.0003E+00 1.0672E+00 1.0902E+00 1.0541E+00 8.7505E-01 1.0050E+00
3.3195E-01 4.0528E-01 3.9934E-01 3.9862E-01 4.4220E-01 5.2946E-01 5.6899E-01 5.3821E-01 5.2593E-01 5.5872E-01 5.8301E-01 6.2241E-01 6.5571E-01 6.4747E-01 5.8956E-01 5.7535E-01 5.7283E-01 5.7676E-01 5.8195E-01 7.0908E-01 7.5606E-01 6.9723E-01 6.9262E-01 6.9097E-01 7.2940E-01 7.7848E-01 7.8765E-01 7.4153E-01 8.1697E-01 8.8470E-01 8.3849E-01 7.7259E-01 9.1410E-01 1.0500E+00 9.7861E-01 8.4946E-01 9.7606E-01 1.0090E+00 9.1029E-01 8.5234E-01 9.3792E-01 9.5605E-01 9.7282E-01 9.8395E-01 9.4336E-01 1.0451E+00 1.1987E+00 9.9273E-01 1.0199E+00 1.0120E+00 1.0910E+00 9.8610E-01 9.7075E-01 9.8943E-01 1.0223E+00 8.1064E-01 9.7025E-01
2.4207E-01 3.2708E-01 3.6981E-01 4.4188E-01 4.9566E-01 5.1426E-01 4.8179E-01 5.0777E-01 5.3220E-01 5.7679E-01 6.2075E-01 6.2869E-01 6.0174E-01 5.6759E-01 5.3831E-01 5.3617E-01 5.5325E-01 5.8169E-01 6.7308E-01 7.1076E-01 6.5426E-01 6.7283E-01 6.8762E-01 7.5625E-01 7.2130E-01 7.5448E-01 7.1412E-01 7.8765E-01 8.7446E-01 8.7468E-01 6.9073E-01 7.5695E-01 9.0372E-01 9.0306E-01 7.7300E-01 8.7263E-01 9.7151E-01 9.4569E-01 8.9349E-01 8.7558E-01 8.7470E-01 1.0305E+00 8.9242E-01 8.5431E-01 9.2036E-01 1.0798E+00 1.1250E+00 9.0823E-01 9.4404E-01 1.0274E+00 1.0599E+00 9.7368E-01 9.3173E-01 9.5602E-01 9.6652E-01 7.9688E-01 8.9852E-01
2.5773E-01 3.4481E-01 4.0258E-01 4.4070E-01 4.4210E-01 4.6915E-01 4.8076E-01 5.0094E-01 5.6114E-01 6.0384E-01 6.0693E-01 5.6076E-01 5.1934E-01 5.1621E-01 4.8784E-01 5.0959E-01 5.9831E-01 6.6222E-01 6.6902E-01 6.1112E-01 6.6526E-01 7.0641E-01 7.9535E-01 7.2816E-01 7.1848E-01 7.1042E-01 7.1980E-01 8.1681E-01 8.2017E-01 7.1502E-01 7.1682E-01 7.7812E-01 8.1129E-01 7.2840E-01 8.2431E-01 8.6810E-01 9.1955E-01 9.5978E-01 8.4042E-01 8.5135E-01 9.7347E-01 9.8667E-01 8.8288E-01 8.2454E-01 8.5129E-01 9.8404E-01 9.6950E-01 9.6015E-01 8.9664E-01 1.0143E+00 1.0172E+00 9.8348E-01 9.1526E-01 9.3301E-01 9.5153E-01 8.1964E-01 8.5969E-01
2.7942E-01 3.5838E-01 3.7986E-01 4.2749E-01 4.5479E-01 4.5850E-01 5.0786E-01 5.4020E-01 5.5771E-01 5.5493E-01 5.1777E-01 5.0426E-01 5.2091E-01 4.7354E-01 5.2083E-01 6.1130E-01 7.3194E-01 7.6689E-01 6.8236E-01 6.6165E-01 6.7474E-01 7.7106E-01 7.3981E-01 6.8834E-01 6.6956E-01 7.0733E-01 6.7364E-01 7.3307E-01 6.7080E-01 6.7509E-01 6.8483E-01 7.4276E-01 6.9656E-01 7.7054E-01 8.2553E-01 8.5176E-01 8.3960E-01 9.1931E-01 8.0100E-01 7.6462E-01 9.2153E-01 8.4006E-01 8.3241E-01 7.5444E-01 7.7282E-01 9.2594E-01 8.9818E-01 9.5903E-01 8.6340E-01 9.7695E-01 1.0174E+00 9.8902E-01 8.6353E-01 8.9676E-01 9.5863E-01 8.5117E-01 8.0314E-01
2.6795E-01 3.7341E-01 4.2558E-01 4.2063E-01 4.7780E-01 5.2306E-01 5.3934E-01 5.2723E-01 5.1324E-01 4.7792E-01 4.8839E-01 4.8865E-01 4.5636E-01 5.3191E-01 6.0925E-01 7.8094E-01 8.7142E-01 8.1890E-01 6.6069E-01 6.3407E-01 7.2929E-01 7.1089E-01 6.7801E-01 6.1327E-01 6.7012E-01 6.3734E-01 6.8783E-01 6.3714E-01 6.2585E-01 6.5563E-01 6.7893E-01 6.5848E-01 6.5060E-01 7.8626E-01 8.0972E-01 8.0536E-01 8.5563E-01 8.4431E-01 8.0747E-01 7.1970E-01 8.4467E-01 8.3558E-01 7.8654E-01 7.0311E-01 7.6405E-01 9.3215E-01 8.3682E-01 9.2930E-01 8.4172E-01 1.0656E+00 1.0789E+00 9.8263E-01 8.3702E-01 8.4758E-01 9.2190E-01 8.6066E-01 7.6505E-01
3.1189E-01 3.7724E-01 4.0141E-01 4.7281E-01 5.1985E-01 5.3491E-01 5.1250E-01 4.9511E-01 4.5265E-01 4.5993E-01 4.4794E-01 4.4893E-01 5.3272E-01 5.9935E-01 6.8907E-01 8.4173E-01 8.6073E-01 7.6768E-01 6.1200E-01 6.8572E-01 6.5985E-01 6.4604E-01 6.2273E-01 7.3338E-01 7.0113E-01 6.8256E-01 6.3964E-01 5.9949E-01 6.7568E-01 6.5531E-01 6.2107E-01 6.0112E-01 7.4420E-01 8.9166E-01 7.9392E-01 7.9801E-01 8.8202E-01 7.6077E-01 7.6417E-01 7.1382E-01 8.1693E-01 8.2949E-01 7.6541E-01 6.9870E-01 7.8337E-01 9.1446E-01 8.6717E-01 9.0918E-01 8.1390E-01 1.1214E+00 1.1399E+00 9.8137E-01 8.0971E-01 7.9866E-01 8.5304E-01 8.8412E-01 7.2916E-01
2.7786E-01 3.5731E-01 4.3494E-01 4.8582E-01 5.0197E-01 4.8246E-01 4.3132E-01 4.4702E-01 4.4204E-01 4.1531E-01 4.4276E-01 5.1994E-01 5.7476E-01 5.8106E-01 6.6262E-01 7.6283E-01 7.6267E-01 6.7815E-01 6.3997E-01 6.3388E-01 6.0405E-01 6.5774E-01 7.9176E-01 7.9194E-01 6.7771E-01 6.4631E-01 5.6547E-01 6.3292E-01 6.5639E-01 6.5707E-01 5.8347E-01 7.4103E-01 9.4136E-01 9.1266E-01 7.2748E-01 8.7323E-01 8.4662E-01 7.4830E-01 6.8927E-01 7.3042E-01 8.3504E-01 7.7984E-01 7.1648E-01 6.8058E-01 7.8908E-01 8.8194E-01 8.8995E-01 8.8347E-01 8.1159E-01 1.1057E+00 1.1067E+00 9.2822E-01 7.7199E-01 7.4581E-01 8.1753E-01 9.0458E-01 7.0452E-01
2.8250E-01 3.6950E-01 4.2754E-01 4.5243E-01 4.6068E-01 4.2012E-01 4.3634E-01 4.3185E-01 4.1631E-01 4.4887E-01 5.1924E-01 5.5771E-01 5.4474E-01 5.2421E-01 5.7088E-01 6.2696E-01 6.2962E-01 5.9765E-01 5.9830E-01 5.7113E-01 6.2979E-01 8.1698E-01 8.7067E-01 7.6871E-01 6.1480E-01 5.4378E-01 6.2538E-01 6.8626E-01 7.4233E-01 6.3442E-01 6.5224E-01 8.6468E-01 9.2631E-01 7.4979E-01 7.7423E-01 8.7228E-01 7.4820E-01 6.9420E-01 6.6720E-01 7.4662E-01 7.9571E-01 7.1406E-01 6.1921E-01 6.7153E-01 7.7772E-01 8.1121E-01 8.6004E-01 8.6088E-01 8.3003E-01 1.0261E+00 1.0073E+00 9.1041E-01 7.4730E-01 7.1961E-01 8.1319E-01 9.4266E-01 7.1170E-01
2.7806E-01 3.8102E-01 4.1908E-01 3.9780E-01 4.0536E-01 4.0189E-01 4.0873E-01 4.1838E-01 4.4881E-01 5.0675E-01 5.3632E-01 5.2103E-01 5.0466E-01 5.0378E-01 5.0412E-01 5.1209E-01 5.7243E-01 5.6467E-01 5.4616E-01 5.6437E-01 7.6726E-01 8.8294E-01 8.4474E-01 6.9530E-01 5.3225E-01 5.6567E-01 6.8198E-01 7.6917E-01 7.3364E-01 6.2719E-01 6.9870E-01 8.3868E-01 7.8582E-01 6.8615E-01 8.0095E-01 7.8647E-01 6.8642E-01 6.5927E-01 6.7643E-01 7.4912E-01 7.4757E-01 6.9254E-01 6.0599E-01 6.7187E-01 8.0426E-01 8.1298E-01 7.7547E-01 9.3167E-01 8.4893E-01 8.4182E-01 8.1141E-01 9.0928E-01 7.3109E-01 7.2179E-01 7.5974E-01 9.3847E-01 7.5440E-01
3.0112E-01 3.6041E-01 3.5770E-01 3.8618E-01 3.7769E-01 3.7778E-01 3.8917E-01 4.5342E-01 4.9545E-01 5.1002E-01 4.8928E-01 4.8099E-01 4.7338E-01 4.7002E-01 4.9159E-01 5.3831E-01 5.2333E-01 5.4119E-01 5.0467E-01 6.2181E-01 7.8972E-01 8.2168E-01 7.1975E-01 5.6091E-01 5.4515E-01 6.3595E-01 7.1759E-01 7.6195E-01 5.9440E-01 5.7896E-01 6.9057E-01 7.5057E-01 6.2689E-01 7.2804E-01 7.7985E-01 6.8913E-01 6.7577E-01 6.5277E-01 6.8083E-01 7.1523E-01 7.2801E-01 6.4642E-01 6.1356E-01 7.4964E-01 7.9094E-01 7.9880E-01 7.6727E-01 9.2073E-01 8.3460E-01 8.3126E-01 7.9368E-01 8.9077E-01 7.1013E-01 6.9574E-01 7.3166E-01 8.9600E-01 7.7843E-01
2.6152E-01 3.4289E-01 3.6681E-01 3.7810E-01 3.9091E-01 4.0016E-01 4.5863E-01 4.9424E-01 4.9023E-01 4.5552E-01 4.4830E-01 4.5970E-01 4.3923E-01 4.5963E-01 5.1404E-01 5.0673E-01 5.0374E-01 4.7584E-01 5.1445E-01 5.9895E-01 6.8462E-01 6.6267E-01 5.5420E-01 5.2301E-01 5.9686E-01 6.5253E-01 6.8810E-01 6.2723E-01 5.4327E-01 5.8253E-01 6.4984E-01 5.9501E-01 6.4705E-01 7.5183E-01 7.3550E-01 6.3175E-01 6.2197E-01 6.4687E-01 6.7289E-01 7.0291E-01 7.2124E-01 5.8692E-01 7.1934E-01 8.9245E-01 7.6926E-01 7.7512E-01 8.2118E-01 9.0473E-01 8.1836E-01 7.8441E-01 7.9238E-01 8.5550E-01 6.7254E-01 6.6006E-01 7.0311E-01 8.4588E-01 7.8178E-01
2.6443E-01 3.1842E-01 3.5332E-01 3.8026E-01 4.0668E-01 4.5807E-01 4.8573E-01 4.7836E-01 4.3229E-01 4.3136E-01 4.4527E-01 4.2445E-01 4.5603E-01 4.9129E-01 4.8408E-01 4.5654E-01 4.5299E-01 4.9844E-01 5.1824E-01 5.1550E-01 5.2354E-01 4.7217E-01 4.9156E-01 5.3002E-01 6.2477E-01 5.8051E-01 6.0707E-01 5.5321E-01 5.5677E-01 5.5993E-01 5.6344E-01 5.7235E-01 6.7949E-01 7.4129E-01 6.5400E-01 6.2486E-01 6.5481E-01 6.5065E-01 6.7416E-01 7.1698E-01 6.5452E-01 5.6475E-01 8.8481E-01 9.2135E-01 8.0650E-01 7.2807E-01 7.9686E-01 8.5215E-01 7.9129E-01 7.4997E-01 7.9510E-01 8.3421E-01 6.4809E-01 6.2778E-01 6.5814E-01 7.8718E-01 7.5672E-01
2.3453E-01 3.1381E-01 3.4570E-01 4.0826E-01 4.5184E-01 4.6806E-01 4.5415E-01 4.1000E-01 4.2024E-01 4.2952E-01 4.0011E-01 4.5227E-01 4.7768E-01 4.6623E-01 4.5351E-01 4.2708E-01 4.6581E-01 4.9871E-01 5.1384E-01 4.9550E-01 4.8239E-01 4.6704E-01 4.8370E-01 5.8066E-01 5.8680E-01 5.5272E-01 5.3917E-01 5.3449E-01 5.6814E-01 5.3293E-01 5.4693E-01 5.8457E-01 6.7804E-01 6.7625E-01 5.9717E-01 6.4316E-01 6.2578E-01 6.5727E-01 6.5404E-01 7.2285E-01 5.4839E-01 6.7707E-01 9.5083E-01 8.7505E-01 7.9724E-01 6.3823E-01 7.5338E-01 7.9773E-01 7.6436E-01 7.3917E-01 7.7123E-01 7.9813E-01 6.3265E-01 6.2230E-01 6.3734E-01 7.3194E-01 7.2362E-01
2.5272E-01 3.3257E-01 4.0249E-01 4.4697E-01 4.5660E-01 4.3218E-01 3.9410E-01 4.1116E-01 4.2426E-01 3.9445E-01 4.4886E-01 4.6856E-01 4.5032E-01 4.6038E-01 4.3244E-01 4.3120E-01 4.7172E-01 4.7699E-01 4.9707E-01 4.9276E-01 4.6404E-01 4.6576E-01 5.3209E-01 5.6292E-01 5.1164E-01 4.9652E-01 5.3598E-01 5.5760E-01 5.4100E-01 5.5671E-01 5.1282E-01 5.9811E-01 6.4523E-01 6.2807E-01 5.8918E-01 6.7567E-01 6.4782E-01 6.8072E-01 7.0146E-01 6.9313E-01 5.1679E-01 7.4846E-01 9.4202E-01 7.6149E-01 7.4705E-01 6.4253E-01 7.2350E-01 7.3901E-01 7.6774E-01 7.4546E-01 7.4412E-01 7.6648E-01 6.0567E-01 6.2289E-01 6.4282E-01 6.7898E-01 7.1153E-01
2.8718E-01 3.6965E-01 4.2677E-01 4.4208E-01 4.1553E-01 4.0788E-01 4.0626E-01 4.0520E-01 3.9583E-01 4.5280E-01 4.6991E-01 4.5222E-01 4.6020E-01 4.4927E-01 4.2283E-01 4.7302E-01 4.6983E-01 4.9679E-01 5.0535E-01 4.5555E-01 4.6463E-01 4.8488E-01 5.4013E-01 5.1096E-01 4.9257E-01 5.0438E-01 5.4077E-01 5.3216E-01 5.2916E-01 5.1586E-01 5.2378E-01 6.0327E-01 5.9497E-01 6.0967E-01 6.6418E-01 6.4690E-01 6.4813E-01 6.5747E-01 7.2741E-01 5.9883E-01 5.6209E-01 7.9324E-01 8.7370E-01 7.8031E-01 6.6754E-01 6.5720E-01 7.1013E-01 7.0237E-01 7.5147E-01 7.5347E-01 7.1737E-01 7.2512E-01 5.7806E-01 5.9868E-01 6.1149E-01 6.4013E-01 6.9743E-01
2.9382E-01 3.6739E-01 4.0349E-01 3.9056E-01 3.7367E-01 4.1202E-01 3.9294E-01 3.9220E-01 4.5516E-01 4.7592E-01 4.6058E-01 4.4359E-01 4.4389E-01 4.3909E-01 4.5177E-01 4.7029E-01 5.0014E-01 4.8083E-01 4.5799E-01 4.5262E-01 4.5399E-01 5.0732E-01 4.9404E-01 4.7685E-01 4.8132E-01 5.1513E-01 5.2605E-01 4.7086E-01 5.3741E-01 4.7535E-01 5.4708E-01 5.9276E-01 6.1460E-01 5.8269E-01 6.6489E-01 6.0182E-01 6.2161E-01 6.5340E-01 6.9936E-01 4.8560E-01 6.2983E-01 7.9518E-01 7.5540E-01 7.4990E-01 5.5760E-01 6.4250E-01 6.5838E-01 6.9071E-01 6.8692E-01 7.3035E-01 7.0187E-01 6.9754E-01 5.6101E-01 5.9348E-01 6.0455E-01 5.8825E-01 6.7698E-01
2.8042E-01 3.3790E-01 3.3620E-01 3.5207E-01 3.8631E-01 3.8596E-01 3.6974E-01 4.3858E-01 4.7445E-01 4.8192E-01 4.4828E-01 4.2562E-01 4.2998E-01 4.4659E-01 4.4595E-01 4.8466E-01 4.4008E-01 4.3828E-01 4.4978E-01 4.2532E-01 5.0100E-01 4.9563E-01 4.6013E-01 4.5969E-01 4.8122E-01 4.9641E-01 4.7112E-01 5.1138E-01 4.8645E-01 4.8270E-01 5.5774E-01 5.6761E-01 5.8235E-01 5.9870E-01 6.2126E-01 6.1760E-01 5.8097E-01 7.1025E-01 6.2850E-01 4.5926E-01 6.7046E-01 7.8174E-01 7.4656E-01 6.5284E-01 5.4198E-01 6.1415E-01 6.1464E-01 6.5478E-01 6.2236E-01 6.9847E-01 7.0144E-01 6.7680E-01 5.3237E-01 5.6713E-01 5.9459E-01 5.4920E-01 6.6178E-01
2.3057E-01 3.0374E-01 3.4842E-01 3.7208E-01 3.8022E-01 3.4996E-01 3.9794E-01 4.7453E-01 5.3853E-01 4.7193E-01 4.1288E-01 4.1571E-01 4.1976E-01 4.6439E-01 4.6714E-01 4.3190E-01 4.0677E-01 4.5384E-01 4.0806E-01 4.6617E-01 4.9352E-01 4.4227E-01 4.5584E-01 4.7173E-01 4.6635E-01 4.6850E-01 4.6845E-01 4.9835E-01 4.6923E-01 4.8729E-01 5.5281E-01 5.6058E-01 5.5500E-01 6.2423E-01 5.3421E-01 6.0662E-01 6.2101E-01 7.0918E-01 5.4258E-01 4.8852E-01 6.6503E-01 7.4453E-01 7.5048E-01 5.9850E-01 5.4739E-01 5.7992E-01 6.0219E-01 6.1292E-01 6.1048E-01 6.7400E-01 6.7777E-01 6.4124E-01 4.9822E-01 5.3498E-01 5.9009E-01 5.2142E-01 6.1208E-01
2.4297E-01 3.2511E-01 3.3837E-01 3.4813E-01 3.2937E-01 3.7081E-01 4.7669E-01 5.4536E-01 5.1216E-01 3.8852E-01 4.0641E-01 4.0639E-01 4.9539E-01 5.2972E-01 4.9142E-01 4.1326E-01 4.2563E-01 4.1388E-01 4.1800E-01 4.5126E-01 4.3513E-01 4.2641E-01 4.4103E-01 4.4332E-01 4.5401E-01 5.2141E-01 4.8357E-01 4.2306E-01 4.5745E-01 4.9805E-01 5.4918E-01 5.4484E-01 5.5972E-01 6.0565E-01 5.7404E-01 5.8806E-01 6.5498E-01 6.3643E-01 4.5305E-01 5.8677E-01 6.3778E-01 6.8370E-01 7.1261E-01 5.3170E-01 5.4057E-01 5.6155E-01 5.5997E-01 5.6768E-01 6.0229E-01 6.4321E-01 6.4371E-01 5.9882E-01 4.8874E-01 5.2282E-01 5.3879E-01 4.8539E-01 5.6361E-01
2.3420E-01 2.8805E-01 3.0336E-01 3.0272E-01 3.4685E-01 4.5097E-01 5.3565E-01 5.0717E-01 3.8695E-01 3.8249E-01 3.7233E-01 4.6049E-01 5.4592E-01 5.4733E-01 4.7670E-01 3.8271E-01 3.9294E-01 3.9863E-01 4.1974E-01 4.1847E-01 4.2721E-01 4.0496E-01 4.5585E-01 4.6744E-01 5.6460E-01 5.5589E-01 4.5250E-01 4.1275E-01 4.5708E-01 5.0152E-01 5.2567E-01 4.9318E-01 5.5628E-01 5.3056E-01 5.7353E-01 5.1735E-01 5.9506E-01 5.1045E-01 4.4463E-01 6.3810E-01 6.2651E-01 6.6111E-01 6.3958E-01 5.2799E-01 5.0722E-01 5.1306E-01 5.2289E-01 5.5449E-01 5.8100E-01 6.0444E-01 5.9107E-01 5.4488E-01 4.6330E-01 4.8698E-01 5.1312E-01 4.5657E-01 5.2658E-01
2.0672E-01 2.3997E-01 2.6766E-01 3.0173E-01 3.8320E-01 4.8159E-01 4.7635E-01 3.7802E-01 3.5536E-01 3.3729E-01 3.5739E-01 4.6682E-01 5.1929E-01 4.9541E-01 4.1826E-01 3.7149E-01 3.5396E-01 4.0072E-01 3.7922E-01 3.9765E-01 3.6709E-01 4.1444E-01 4.1065E-01 5.3241E-01 5.5979E-01 4.6727E-01 3.8386E-01 3.9385E-01 4.2708E-01 4.4358E-01 4.5520E-01 4.5431E-01 4.9600E-01 4.7893E-01 5.1141E-01 4.7938E-01 4.8093E-01 3.8352E-01 4.5482E-01 5.6981E-01 5.6268E-01 5.9001E-01 5.2977E-01 4.6560E-01 4.3660E-01 4.7155E-01 4.5752E-01 5.0901E-01 5.2405E-01 5.6129E-01 5.2200E-01 4.7681E-01 4.2709E-01 4.6209E-01 4.7173E-01 4.0256E-01 4.9197E-01
1.5808E-01 1.8620E-01 2.2675E-01 2.5469E-01 3.5587E-01 3.9288E-01 3.3295E-01 2.7886E-01 2.8430E-01 2.6727E-01 3.0405E-01 3.8551E-01 4.1242E-01 3.8292E-01 3.2259E-01 2.7136E-01 2.9411E-01 3.0185E-01 2.9533E-01 3.2229E-01 2.8335E-01 3.0884E-01 3.7076E-01 4.3422E-01 4.1132E-01 3.2908E-01 2.8659E-01 3.1367E-01 3.4789E-01 3.4754E-01 3.2497E-01 3.3716E-01 3.4662E-01 3.5629E-01 3.6112E-01 3.6528E-01 3.3586E-01 2.9277E-01 3.5831E-01 3.9525E-01 3.9478E-01 4.3667E-01 3.6558E-01 3.4235E-01 3.2585E-01 3.5366E-01 3.3108E-01 3.8760E-01 4.0373E-01 4.3898E-01 3.9313E-01 3.5533E-01 3.3074E-01 3.3704E-01 3.5741E-01 3.3507E-01 3.8066E-01
