inst/extdata/max_1h_conc.grd
ncols       100
nrows       100
xllcorner      7.375160000E+05
yllcorner      5.081320000E+06
cellsize      5.000000000E+01
nodata_value         -9
[rows 25 to 49 of 100, columns 0 to 56 of 100]
1.7662E-01 2.2377E-01 2.5778E-01 2.9490E-01 3.3955E-01 3.6757E-01 3.8242E-01 3.9017E-01 3.9338E-01 3.9385E-01 3.9657E-01 4.0846E-01 4.6898E-01 5.1064E-01 5.2940E-01 6.0412E-01 7.1348E-01 7.5269E-01 7.2444E-01 6.4797E-01 5.4360E-01 4.2711E-01 4.0547E-01 4.4127E-01 4.7518E-01 5.3326E-01 5.9671E-01 6.3405E-01 6.3636E-01 6.0441E-01 6.4374E-01 5.5745E-01 6.7377E-01 7.0727E-01 7.5684E-01 6.5196E-01 5.5821E-01 6.3241E-01 5.5983E-01 6.7245E-01 8.0994E-01 9.6406E-01 1.0985E+00 1.1424E+00 1.0203E+00 8.1433E-01 9.2296E-01 1.0826E+00 8.9744E-01 7.1097E-01 7.2944E-01 8.6980E-01 9.8050E-01 1.1484E+00 1.0019E+00 9.3676E-01 1.0054E+00
1.9531E-01 2.4892E-01 2.8311E-01 3.0298E-01 3.1190E-01 3.1178E-01 3.1865E-01 3.1822E-01 3.1371E-01 3.0665E-01 3.0094E-01 3.5798E-01 3.9460E-01 4.0436E-01 4.0747E-01 4.3420E-01 5.3291E-01 6.2715E-01 6.9612E-01 7.2062E-01 6.8738E-01 5.9298E-01 4.4724E-01 3.9871E-01 4.4978E-01 4.9375E-01 5.3937E-01 6.2444E-01 6.7764E-01 6.8276E-01 6.5277E-01 6.5498E-01 6.3639E-01 7.4939E-01 8.0189E-01 8.0873E-01 6.5586E-01 6.3869E-01 6.5205E-01 6.1674E-01 7.5708E-01 9.3347E-01 1.1147E+00 1.2231E+00 1.1613E+00 9.3248E-01 9.4982E-01 1.0941E+00 1.0197E+00 7.6457E-01 8.2176E-01 9.8986E-01 1.1412E+00 1.3408E+00 1.1617E+00 1.1296E+00 1.1385E+00
1.8518E-01 2.3656E-01 2.7152E-01 2.9707E-01 3.2119E-01 3.4475E-01 3.5132E-01 3.4405E-01 3.6283E-01 3.7742E-01 3.8295E-01 3.7338E-01 3.4734E-01 3.0981E-01 3.2711E-01 3.6088E-01 3.5987E-01 4.3294E-01 5.3193E-01 6.3093E-01 6.9637E-01 6.8946E-01 5.9343E-01 4.6730E-01 4.1821E-01 4.3202E-01 4.8001E-01 5.5021E-01 6.5474E-01 7.2116E-01 7.2825E-01 6.7484E-01 6.4804E-01 7.5174E-01 8.8448E-01 1.0047E+00 9.1524E-01 6.8017E-01 7.2275E-01 6.3483E-01 6.9394E-01 8.9468E-01 1.1023E+00 1.2821E+00 1.2951E+00 1.0544E+00 9.8876E-01 1.1037E+00 1.1302E+00 8.4188E-01 8.7999E-01 1.0988E+00 1.3742E+00 1.6176E+00 1.3792E+00 1.2853E+00 1.2313E+00
1.7252E-01 2.1527E-01 2.5121E-01 2.8481E-01 3.0946E-01 3.4180E-01 3.7809E-01 3.9383E-01 3.9231E-01 4.3665E-01 4.6928E-01 4.7775E-01 4.5772E-01 4.1701E-01 3.6558E-01 3.1530E-01 3.6523E-01 3.9105E-01 3.8890E-01 4.5575E-01 5.6824E-01 6.5498E-01 6.6854E-01 6.1862E-01 5.1281E-01 4.4776E-01 4.1105E-01 4.7417E-01 5.6135E-01 6.8552E-01 7.7107E-01 7.8108E-01 7.1412E-01 6.9858E-01 9.5638E-01 1.1838E+00 1.2072E+00 9.5532E-01 7.5071E-01 7.8166E-01 6.7930E-01 8.0873E-01 1.0567E+00 1.3151E+00 1.4352E+00 1.2574E+00 1.0089E+00 1.0825E+00 1.2091E+00 9.2747E-01 9.3840E-01 1.1509E+00 1.5907E+00 1.8685E+00 1.5686E+00 1.3906E+00 1.2725E+00
1.9291E-01 2.3308E-01 2.6012E-01 3.0226E-01 3.3707E-01 3.6078E-01 3.7117E-01 4.1058E-01 4.3802E-01 4.5274E-01 5.1186E-01 5.4717E-01 5.4919E-01 5.2172E-01 4.7358E-01 4.1254E-01 3.5339E-01 3.8769E-01 4.4525E-01 4.7137E-01 4.6763E-01 5.2150E-01 6.3468E-01 7.0037E-01 6.8014E-01 5.6051E-01 4.8291E-01 4.4059E-01 4.8207E-01 5.6806E-01 7.1365E-01 8.1316E-01 8.2703E-01 7.6374E-01 9.6614E-01 1.2812E+00 1.4561E+00 1.2943E+00 8.7696E-01 8.7038E-01 7.1859E-01 8.0207E-01 1.0536E+00 1.3042E+00 1.5430E+00 1.4629E+00 1.1860E+00 1.0548E+00 1.2201E+00 9.9743E-01 1.0342E+00 1.1945E+00 1.6944E+00 1.9773E+00 1.6304E+00 1.4507E+00 1.2547E+00
2.2830E-01 2.8614E-01 3.0663E-01 3.0422E-01 3.4871E-01 3.8430E-01 4.0737E-01 4.1648E-01 4.1371E-01 4.4252E-01 4.7633E-01 5.3167E-01 5.6616E-01 5.7255E-01 5.4874E-01 5.0300E-01 4.5568E-01 4.1067E-01 4.1480E-01 5.0440E-01 5.6210E-01 5.6039E-01 5.0184E-01 6.1576E-01 7.1291E-01 7.2873E-01 6.4879E-01 5.2382E-01 4.8007E-01 5.2940E-01 5.9988E-01 7.2798E-01 8.5753E-01 9.0732E-01 8.7441E-01 1.2055E+00 1.4874E+00 1.5055E+00 1.1659E+00 8.8130E-01 8.7815E-01 8.2541E-01 1.0425E+00 1.2654E+00 1.5802E+00 1.6486E+00 1.3589E+00 1.1056E+00 1.2510E+00 1.0847E+00 1.1253E+00 1.2094E+00 1.6352E+00 1.9397E+00 1.5723E+00 1.4656E+00 1.3433E+00
2.0425E-01 2.7041E-01 3.1176E-01 3.3111E-01 3.4038E-01 3.8690E-01 4.2400E-01 4.4877E-01 4.6015E-01 4.5872E-01 4.4635E-01 4.6121E-01 4.9268E-01 5.2976E-01 5.4264E-01 5.4075E-01 5.3681E-01 5.2348E-01 4.9998E-01 4.6833E-01 5.3714E-01 6.0453E-01 6.0635E-01 5.4013E-01 6.0265E-01 7.7653E-01 8.6045E-01 7.9981E-01 6.2249E-01 5.2560E-01 5.9897E-01 6.6072E-01 7.6379E-01 9.4586E-01 1.0233E+00 9.6481E-01 1.2744E+00 1.4674E+00 1.3265E+00 1.0142E+00 9.8814E-01 8.6214E-01 9.3640E-01 1.2916E+00 1.5200E+00 1.7512E+00 1.5010E+00 1.2462E+00 1.3171E+00 1.1663E+00 1.2042E+00 1.2475E+00 1.5315E+00 1.8757E+00 1.4866E+00 1.4506E+00 1.5293E+00
2.0253E-01 2.4414E-01 2.6476E-01 2.8744E-01 3.1206E-01 3.6575E-01 4.1497E-01 4.5601E-01 4.8613E-01 5.0365E-01 5.0843E-01 5.0207E-01 4.8657E-01 4.7083E-01 4.9472E-01 5.0965E-01 5.5571E-01 5.9591E-01 6.2217E-01 6.2921E-01 5.9307E-01 5.2028E-01 6.1016E-01 6.3479E-01 5.8334E-01 6.4624E-01 8.7424E-01 1.0305E+00 9.6590E-01 7.3025E-01 5.8878E-01 6.9419E-01 7.6265E-01 8.4188E-01 1.0648E+00 1.1467E+00 1.0524E+00 1.2295E+00 1.3551E+00 1.2235E+00 1.0209E+00 1.0072E+00 1.0186E+00 1.2521E+00 1.4334E+00 1.7864E+00 1.7213E+00 1.4946E+00 1.3884E+00 1.2507E+00 1.2861E+00 1.3183E+00 1.4665E+00 1.8332E+00 1.4470E+00 1.6543E+00 1.6959E+00
2.2890E-01 2.8115E-01 3.1161E-01 3.1908E-01 3.0981E-01 3.2328E-01 3.7919E-01 4.3267E-01 4.8020E-01 5.1846E-01 5.4533E-01 5.6049E-01 5.6399E-01 5.5484E-01 5.3312E-01 5.1596E-01 5.1015E-01 5.8812E-01 6.7406E-01 7.4260E-01 7.5274E-01 7.0555E-01 6.2071E-01 6.0417E-01 6.6069E-01 6.2462E-01 6.7575E-01 9.8954E-01 1.1780E+00 1.0763E+00 7.9236E-01 6.8723E-01 8.2156E-01 9.1904E-01 9.4169E-01 1.1910E+00 1.2643E+00 1.1168E+00 1.2478E+00 1.3507E+00 1.1262E+00 1.1880E+00 1.1322E+00 1.1640E+00 1.5204E+00 1.8099E+00 1.9595E+00 1.7616E+00 1.4789E+00 1.3549E+00 1.3961E+00 1.4925E+00 1.5922E+00 1.8486E+00 1.5725E+00 1.8885E+00 1.8174E+00
2.4713E-01 3.0896E-01 3.4976E-01 3.6681E-01 3.6561E-01 3.5362E-01 3.3408E-01 3.8048E-01 4.3866E-01 4.9336E-01 5.4160E-01 5.8133E-01 6.0985E-01 6.2333E-01 6.2043E-01 6.0356E-01 5.7701E-01 5.5896E-01 6.2225E-01 7.3503E-01 8.1830E-01 8.4949E-01 8.0931E-01 7.1278E-01 5.8761E-01 6.5933E-01 6.7492E-01 6.9164E-01 1.0015E+00 1.1841E+00 1.1161E+00 8.7100E-01 7.7660E-01 9.5505E-01 1.0548E+00 1.0366E+00 1.3148E+00 1.3846E+00 1.1516E+00 1.3831E+00 1.3345E+00 1.2300E+00 1.2834E+00 1.3768E+00 1.5930E+00 1.8647E+00 2.2391E+00 2.0045E+00 1.5640E+00 1.4928E+00 1.5502E+00 1.6854E+00 1.7214E+00 1.9479E+00 1.8618E+00 2.1109E+00 1.8845E+00
2.5468E-01 3.2338E-01 3.7323E-01 4.0016E-01 4.0821E-01 4.0567E-01 3.9641E-01 3.7917E-01 3.6828E-01 4.2972E-01 4.9140E-01 5.5077E-01 6.0313E-01 6.4240E-01 6.6595E-01 6.7495E-01 6.7248E-01 6.6002E-01 6.3673E-01 6.0849E-01 7.3138E-01 8.3889E-01 8.8346E-01 8.5514E-01 7.6850E-01 6.8734E-01 6.5655E-01 7.2271E-01 6.8342E-01 9.2138E-01 1.1486E+00 1.1868E+00 9.7237E-01 8.0765E-01 1.0179E+00 1.1251E+00 1.1252E+00 1.4575E+00 1.4597E+00 1.2795E+00 1.5099E+00 1.4340E+00 1.5044E+00 1.4994E+00 1.5671E+00 1.9646E+00 2.4958E+00 2.2766E+00 1.7316E+00 1.6672E+00 1.7457E+00 1.9125E+00 1.8397E+00 2.0976E+00 2.1934E+00 2.3137E+00 1.8952E+00
2.8940E-01 3.6952E-01 3.9974E-01 4.0976E-01 4.2728E-01 4.3609E-01 4.4028E-01 4.3696E-01 4.2443E-01 4.1600E-01 4.1278E-01 4.7116E-01 5.3705E-01 5.9630E-01 6.4606E-01 6.8602E-01 7.1735E-01 7.3972E-01 7.4859E-01 7.3977E-01 7.1328E-01 6.7208E-01 7.7882E-01 8.4715E-01 8.6379E-01 8.1573E-01 7.9314E-01 7.3930E-01 7.6275E-01 7.9313E-01 8.4260E-01 1.1409E+00 1.2582E+00 1.0541E+00 8.8003E-01 1.0365E+00 1.1800E+00 1.2163E+00 1.5233E+00 1.4685E+00 1.7324E+00 1.8607E+00 1.5923E+00 1.6943E+00 1.7808E+00 2.0688E+00 2.6685E+00 2.8157E+00 2.0919E+00 1.8774E+00 1.9809E+00 2.1657E+00 1.9694E+00 2.3030E+00 2.5653E+00 2.4715E+00 2.0694E+00
2.7219E-01 3.5942E-01 4.3052E-01 4.6408E-01 4.8057E-01 4.7834E-01 4.8058E-01 4.6816E-01 4.7100E-01 4.7455E-01 4.8618E-01 4.7351E-01 4.3887E-01 4.9392E-01 5.5895E-01 6.2284E-01 6.8568E-01 7.4602E-01 7.9709E-01 8.3023E-01 8.4105E-01 8.2852E-01 7.9242E-01 7.6130E-01 7.8657E-01 8.6009E-01 8.8694E-01 8.7791E-01 8.3140E-01 7.8723E-01 8.8361E-01 8.6566E-01 1.2177E+00 1.2706E+00 1.1298E+00 9.9867E-01 1.0970E+00 1.2825E+00 1.2867E+00 1.6557E+00 1.7765E+00 2.1561E+00 1.9793E+00 1.9678E+00 1.9505E+00 2.1730E+00 2.9832E+00 3.4207E+00 2.7066E+00 2.3556E+00 2.2456E+00 2.4680E+00 2.4402E+00 2.7090E+00 2.9676E+00 2.6599E+00 3.0784E+00
2.9565E-01 3.9114E-01 4.5094E-01 4.6238E-01 4.4416E-01 4.9429E-01 5.5538E-01 5.8553E-01 5.9077E-01 5.6190E-01 5.4801E-01 5.5493E-01 5.3118E-01 4.8210E-01 4.3803E-01 5.0179E-01 5.7988E-01 6.6383E-01 7.4824E-01 8.2440E-01 8.8439E-01 9.2324E-01 9.3678E-01 9.2163E-01 8.7665E-01 8.2119E-01 8.5485E-01 9.8627E-01 1.0862E+00 1.1146E+00 1.0358E+00 9.3246E-01 9.4933E-01 1.0363E+00 1.3034E+00 1.2462E+00 1.1403E+00 1.2346E+00 1.4463E+00 1.4969E+00 2.0071E+00 2.1916E+00 2.3331E+00 1.9945E+00 2.2354E+00 2.3641E+00 2.9166E+00 4.0241E+00 3.5048E+00 2.8956E+00 2.4901E+00 2.8241E+00 3.4543E+00 3.4625E+00 3.3694E+00 3.3903E+00 3.3593E+00
2.5862E-01 3.5966E-01 4.4327E-01 4.8453E-01 4.9660E-01 5.0015E-01 4.8871E-01 5.1881E-01 5.8695E-01 6.2686E-01 6.4033E-01 6.3138E-01 6.1357E-01 5.7807E-01 5.2365E-01 5.1180E-01 4.8626E-01 5.1762E-01 6.1054E-01 7.0874E-01 8.0666E-01 8.9841E-01 9.7455E-01 1.0242E+00 1.0384E+00 1.0206E+00 9.6983E-01 9.4458E-01 1.1112E+00 1.3046E+00 1.3697E+00 1.2828E+00 1.0794E+00 1.0856E+00 9.7227E-01 1.3035E+00 1.3119E+00 1.3065E+00 1.4283E+00 1.6528E+00 1.8310E+00 2.4869E+00 2.9897E+00 2.7369E+00 2.5744E+00 2.7513E+00 3.6090E+00 4.3084E+00 4.2736E+00 3.4497E+00 2.7613E+00 3.2848E+00 4.5946E+00 4.2029E+00 3.7074E+00 3.2619E+00 2.6706E+00
2.1062E-01 2.9518E-01 3.4176E-01 3.9925E-01 4.4316E-01 4.8399E-01 5.1386E-01 5.2791E-01 5.3131E-01 5.3473E-01 5.3887E-01 5.9362E-01 6.4459E-01 6.8280E-01 6.4941E-01 6.1666E-01 5.7761E-01 5.6097E-01 5.4036E-01 5.5031E-01 6.3125E-01 7.4724E-01 8.6448E-01 9.7069E-01 1.0539E+00 1.1129E+00 1.1433E+00 1.1360E+00 1.0894E+00 1.1381E+00 1.3874E+00 1.5240E+00 1.4835E+00 1.2883E+00 1.2246E+00 1.3116E+00 1.2668E+00 1.4798E+00 1.5184E+00 1.7064E+00 1.9710E+00 2.2680E+00 3.1848E+00 3.8615E+00 2.7758E+00 3.0358E+00 3.9449E+00 3.9081E+00 5.5367E+00 3.8836E+00 3.4301E+00 3.8728E+00 5.1369E+00 5.0296E+00 4.0713E+00 3.2785E+00 2.7733E+00
2.3659E-01 2.9305E-01 3.4788E-01 3.8014E-01 4.1171E-01 4.3613E-01 4.2307E-01 4.7297E-01 5.1812E-01 5.7574E-01 6.3582E-01 6.8477E-01 7.2335E-01 7.1801E-01 6.7379E-01 6.6474E-01 6.9875E-01 7.1437E-01 6.9935E-01 6.5522E-01 6.2609E-01 6.9323E-01 7.0051E-01 7.6719E-01 8.9081E-01 1.0113E+00 1.1280E+00 1.2320E+00 1.3019E+00 1.3138E+00 1.2666E+00 1.3333E+00 1.5319E+00 1.5813E+00 1.4558E+00 1.2208E+00 1.4706E+00 1.4120E+00 1.9501E+00 1.7694E+00 2.1676E+00 2.4751E+00 2.9941E+00 3.9949E+00 3.7158E+00 3.6038E+00 4.3847E+00 5.0890E+00 6.2971E+00 4.4609E+00 4.3444E+00 4.5597E+00 5.3476E+00 5.8963E+00 4.0454E+00 4.1639E+00 4.0475E+00
2.7493E-01 3.5338E-01 3.9234E-01 3.9947E-01 3.8790E-01 3.7383E-01 3.8366E-01 4.1430E-01 4.3622E-01 4.7242E-01 5.6402E-01 6.6346E-01 7.7254E-01 8.4754E-01 8.6118E-01 8.2600E-01 7.4803E-01 6.6599E-01 6.8854E-01 7.4046E-01 7.9551E-01 8.0595E-01 7.9949E-01 8.3442E-01 8.1429E-01 7.5996E-01 9.1077E-01 1.0860E+00 1.2643E+00 1.4126E+00 1.5167E+00 1.5441E+00 1.4789E+00 1.3991E+00 1.5942E+00 1.6206E+00 1.4719E+00 1.4814E+00 1.5594E+00 2.1763E+00 2.0876E+00 3.0052E+00 3.3852E+00 3.9631E+00 4.6104E+00 4.0333E+00 5.1562E+00 5.9893E+00 6.5822E+00 6.0141E+00 5.9455E+00 5.3279E+00 6.0418E+00 6.2636E+00 4.8173E+00 5.0180E+00 5.1227E+00
2.7300E-01 3.5138E-01 3.7593E-01 3.9029E-01 4.0035E-01 4.1941E-01 4.2938E-01 4.3560E-01 4.5002E-01 4.5669E-01 4.5590E-01 4.8905E-01 6.1097E-01 7.3257E-01 8.2010E-01 8.6788E-01 8.6835E-01 8.4962E-01 8.2262E-01 7.6255E-01 6.9511E-01 7.5476E-01 8.5070E-01 9.4217E-01 1.0060E+00 9.7585E-01 8.6795E-01 8.1275E-01 9.6966E-01 1.1988E+00 1.4292E+00 1.6244E+00 1.7522E+00 1.7804E+00 1.7025E+00 1.5302E+00 1.7102E+00 1.7703E+00 1.8615E+00 1.7121E+00 2.2220E+00 2.5603E+00 4.0482E+00 4.4081E+00 5.3524E+00 5.8974E+00 6.0264E+00 7.5821E+00 7.9281E+00 8.0008E+00 7.9549E+00 6.4843E+00 7.9796E+00 6.6932E+00 6.5643E+00 7.3212E+00 4.6786E+00
2.6436E-01 3.4135E-01 3.7922E-01 3.9185E-01 4.0022E-01 4.0171E-01 4.0081E-01 4.1791E-01 4.3707E-01 4.6900E-01 4.9528E-01 5.2213E-01 5.4269E-01 5.5437E-01 6.2276E-01 6.8944E-01 7.5447E-01 8.2770E-01 8.8360E-01 9.0032E-01 9.0344E-01 8.8891E-01 8.7429E-01 8.8559E-01 1.0341E+00 1.1115E+00 1.0972E+00 1.1551E+00 1.1105E+00 1.0110E+00 1.1077E+00 1.2746E+00 1.5427E+00 1.7910E+00 2.0013E+00 2.1338E+00 2.1015E+00 1.8820E+00 2.2302E+00 2.7063E+00 2.6727E+00 2.6441E+00 3.6522E+00 4.8697E+00 5.5170E+00 7.4481E+00 7.4115E+00 8.8933E+00 9.7631E+00 1.1235E+01 1.0184E+01 9.6826E+00 1.0510E+01 8.4411E+00 7.9097E+00 7.6651E+00 5.7920E+00
2.5735E-01 3.2759E-01 3.5365E-01 3.8231E-01 4.1263E-01 4.3621E-01 4.5807E-01 4.7961E-01 4.8526E-01 4.7982E-01 4.8594E-01 5.1201E-01 5.6132E-01 5.9585E-01 5.8127E-01 5.7806E-01 6.3165E-01 6.7049E-01 6.8952E-01 7.4928E-01 8.4748E-01 9.5257E-01 1.0540E+00 1.1443E+00 1.2418E+00 1.2453E+00 1.1672E+00 1.0488E+00 1.1036E+00 1.2043E+00 1.2717E+00 1.3079E+00 1.2991E+00 1.4160E+00 1.6452E+00 2.0537E+00 2.4640E+00 2.7680E+00 2.8518E+00 2.7295E+00 3.7348E+00 4.1060E+00 3.6454E+00 5.1792E+00 6.2304E+00 7.6880E+00 1.0524E+01 9.4588E+00 1.2688E+01 1.5837E+01 1.5040E+01 1.4151E+01 1.3197E+01 1.1133E+01 1.1128E+01 8.2026E+00 8.3510E+00
2.3832E-01 3.1415E-01 3.6970E-01 4.1004E-01 4.2369E-01 4.3921E-01 4.3989E-01 5.0522E-01 5.5343E-01 5.8683E-01 5.8465E-01 5.6102E-01 5.7416E-01 6.2433E-01 6.6452E-01 6.8596E-01 7.1684E-01 7.1162E-01 7.0273E-01 6.9468E-01 7.0551E-01 7.6375E-01 8.5329E-01 1.0452E+00 1.2813E+00 1.4475E+00 1.5618E+00 1.5415E+00 1.4105E+00 1.2373E+00 1.2054E+00 1.3884E+00 1.5724E+00 1.7103E+00 1.7758E+00 1.7832E+00 1.9397E+00 2.4873E+00 3.2974E+00 4.0107E+00 4.2049E+00 4.0576E+00 5.5720E+00 5.9334E+00 6.6010E+00 8.8483E+00 1.0687E+01 1.3653E+01 1.7215E+01 1.8423E+01 2.0677E+01 1.9391E+01 1.8640E+01 1.5906E+01 1.2244E+01 1.1439E+01 9.9000E+00
2.2111E-01 2.8946E-01 3.2732E-01 3.4447E-01 3.7588E-01 4.0860E-01 4.1730E-01 4.8297E-01 5.5164E-01 5.9701E-01 5.8291E-01 5.4774E-01 5.1889E-01 5.2715E-01 6.1431E-01 7.3324E-01 7.6888E-01 7.3102E-01 7.6678E-01 8.0247E-01 8.1961E-01 8.2416E-01 8.1285E-01 8.0427E-01 8.6029E-01 1.0831E+00 1.3267E+00 1.4946E+00 1.5794E+00 1.5998E+00 1.5481E+00 1.4651E+00 1.3105E+00 1.4945E+00 1.8103E+00 2.1788E+00 2.6133E+00 3.1507E+00 3.1534E+00 3.1079E+00 4.4810E+00 5.5926E+00 5.7159E+00 5.6521E+00 8.5938E+00 7.9380E+00 1.3543E+01 1.7071E+01 2.0539E+01 2.9181E+01 2.9120E+01 2.8742E+01 2.6436E+01 2.2345E+01 1.7306E+01 1.2479E+01 1.0374E+01
2.3646E-01 3.1198E-01 3.4708E-01 3.6423E-01 3.6374E-01 4.1385E-01 4.4481E-01 4.4373E-01 4.4378E-01 4.4307E-01 4.5361E-01 4.7369E-01 4.6901E-01 4.8198E-01 5.6405E-01 6.5510E-01 7.5434E-01 7.9709E-01 8.0966E-01 7.8141E-01 7.3227E-01 7.6447E-01 8.4588E-01 8.9128E-01 9.0322E-01 9.6654E-01 1.0060E+00 1.0696E+00 1.1471E+00 1.2743E+00 1.4303E+00 1.5857E+00 1.6895E+00 1.7284E+00 1.7827E+00 2.0035E+00 2.2911E+00 2.9800E+00 3.8958E+00 4.3039E+00 4.6752E+00 4.8233E+00 5.3354E+00 7.9101E+00 9.6551E+00 1.0637E+01 1.6170E+01 2.4747E+01 3.1459E+01 4.7851E+01 5.3735E+01 4.7136E+01 3.8447E+01 2.8394E+01 1.8800E+01 1.5962E+01 1.1805E+01
2.7634E-01 3.6856E-01 4.0090E-01 4.0370E-01 4.0900E-01 4.2012E-01 4.3634E-01 4.4890E-01 4.4229E-01 4.7999E-01 5.3542E-01 5.6143E-01 5.5563E-01 5.2827E-01 4.9580E-01 4.9737E-01 5.3882E-01 6.1724E-01 6.6758E-01 7.3440E-01 8.1155E-01 8.5242E-01 9.2772E-01 9.9882E-01 1.0100E+00 1.0167E+00 1.0122E+00 1.0382E+00 1.0481E+00 1.1164E+00 1.2522E+00 1.4129E+00 1.5636E+00 1.6734E+00 1.7568E+00 2.0586E+00 2.6329E+00 3.2168E+00 3.5055E+00 3.9837E+00 4.7802E+00 5.8918E+00 7.2895E+00 8.5924E+00 1.0453E+01 1.2112E+01 1.9610E+01 2.5730E+01 4.1980E+01 7.3934E+01 1.1172E+02 9.0802E+01 5.9198E+01 4.0015E+01 2.6001E+01 1.9068E+01 1.3963E+01
