inst/extdata/p98_1h_conc.grd
ncols       100
nrows       100
xllcorner      7.375160000E+05
yllcorner      5.081320000E+06
cellsize      5.000000000E+01
nodata_value         -9
[rows 0 to 24 of 100, columns 0 to 56 of 100]
5.4754E-04 5.8134E-04 6.1060E-04 6.4253E-04 6.7111E-04 6.9990E-04 7.4191E-04 7.6968E-04 8.0896E-04 8.4302E-04 8.8285E-04 9.3053E-04 9.7192E-04 9.9725E-04 1.0254E-03 1.0715E-03 1.1058E-03 1.1407E-03 1.1854E-03 1.2048E-03 1.2322E-03 1.2549E-03 1.2892E-03 1.3193E-03 1.3475E-03 1.3749E-03 1.3991E-03 1.4577E-03 1.4698E-03 1.5100E-03 1.5488E-03 1.5975E-03 1.6421E-03 1.6745E-03 1.7430E-03 1.7584E-03 1.7596E-03 1.7797E-03 1.8220E-03 1.8393E-03 1.8634E-03 1.9184E-03 1.9508E-03 1.9677E-03 2.0186E-03 2.0740E-03 2.1041E-03 2.1296E-03 2.1511E-03 2.1666E-03 2.2109E-03 2.2709E-03 2.3271E-03 2.3558E-03 2.3396E-03 2.2902E-03 2.3053E-03
5.7931E-04 6.2232E-04 6.5286E-04 6.8592E-04 7.0987E-04 7.4841E-04 7.9621E-04 8.3766E-04 8.6988E-04 9.0202E-04 9.3485E-04 9.9058E-04 1.0224E-03 1.0781E-03 1.1160E-03 1.1506E-03 1.2049E-03 1.2273E-03 1.2477E-03 1.2896E-03 1.3231E-03 1.3496E-03 1.4008E-03 1.4160E-03 1.4292E-03 1.4676E-03 1.5493E-03 1.5765E-03 1.6254E-03 1.6246E-03 1.6765E-03 1.7140E-03 1.7723E-03 1.7933E-03 1.8809E-03 1.9149E-03 1.9450E-03 1.9189E-03 2.0010E-03 1.9981E-03 2.0122E-03 2.0858E-03 2.1223E-03 2.1606E-03 2.2072E-03 2.2819E-03 2.3375E-03 2.3572E-03 2.3925E-03 2.4092E-03 2.4250E-03 2.4800E-03 2.5207E-03 2.5913E-03 2.5831E-03 2.5464E-03 2.5115E-03
6.2870E-04 6.6828E-04 6.9813E-04 7.2474E-04 7.6670E-04 8.0575E-04 8.4116E-04 8.8854E-04 9.3687E-04 9.7089E-04 1.0120E-03 1.0630E-03 1.1155E-03 1.1596E-03 1.1801E-03 1.2181E-03 1.2763E-03 1.3178E-03 1.3391E-03 1.3707E-03 1.4157E-03 1.4478E-03 1.4921E-03 1.5240E-03 1.5470E-03 1.5737E-03 1.6557E-03 1.6970E-03 1.7269E-03 1.7592E-03 1.7764E-03 1.8642E-03 1.9033E-03 1.9480E-03 1.9723E-03 2.0457E-03 2.1046E-03 2.1105E-03 2.1718E-03 2.1938E-03 2.1904E-03 2.2339E-03 2.2975E-03 2.3500E-03 2.3971E-03 2.4857E-03 2.5473E-03 2.6073E-03 2.6038E-03 2.5899E-03 2.6388E-03 2.6733E-03 2.7606E-03 2.7582E-03 2.7495E-03 2.7250E-03 2.7459E-03
6.7003E-04 7.0529E-04 7.4720E-04 7.7484E-04 8.0274E-04 8.4231E-04 8.8961E-04 9.2750E-04 9.8570E-04 1.0339E-03 1.0835E-03 1.1473E-03 1.2083E-03 1.2357E-03 1.2667E-03 1.3239E-03 1.3657E-03 1.4009E-03 1.4541E-03 1.4770E-03 1.5200E-03 1.5481E-03 1.5732E-03 1.6051E-03 1.6430E-03 1.6858E-03 1.7406E-03 1.7890E-03 1.8474E-03 1.8734E-03 1.9122E-03 1.9548E-03 2.0209E-03 2.0604E-03 2.1210E-03 2.1706E-03 2.2254E-03 2.2787E-03 2.3179E-03 2.3534E-03 2.3818E-03 2.4503E-03 2.5280E-03 2.5825E-03 2.6454E-03 2.6949E-03 2.7509E-03 2.7846E-03 2.8016E-03 2.8036E-03 2.8495E-03 2.9300E-03 2.9760E-03 2.9299E-03 2.9513E-03 2.9691E-03 2.9533E-03
7.0358E-04 7.4736E-04 7.8842E-04 8.1913E-04 8.5802E-04 8.9426E-04 9.4569E-04 9.8554E-04 1.0378E-03 1.0993E-03 1.1446E-03 1.2080E-03 1.2749E-03 1.3257E-03 1.3648E-03 1.4095E-03 1.4604E-03 1.4998E-03 1.5536E-03 1.5967E-03 1.6274E-03 1.6535E-03 1.6953E-03 1.7286E-03 1.7474E-03 1.7835E-03 1.8547E-03 1.9065E-03 1.9551E-03 2.0191E-03 2.0811E-03 2.1362E-03 2.1642E-03 2.2124E-03 2.2759E-03 2.3186E-03 2.4074E-03 2.4413E-03 2.4741E-03 2.5006E-03 2.5251E-03 2.6069E-03 2.6899E-03 2.7859E-03 2.8025E-03 2.9477E-03 2.9576E-03 2.9969E-03 2.9693E-03 2.9914E-03 3.0516E-03 3.1139E-03 3.1614E-03 3.1302E-03 3.1620E-03 3.1660E-03 3.2327E-03
7.3946E-04 7.8896E-04 8.3134E-04 8.7154E-04 9.0513E-04 9.7523E-04 1.0125E-03 1.0476E-03 1.1155E-03 1.1665E-03 1.2076E-03 1.2701E-03 1.3431E-03 1.4070E-03 1.4491E-03 1.4936E-03 1.5592E-03 1.6249E-03 1.6475E-03 1.6960E-03 1.7445E-03 1.7717E-03 1.8325E-03 1.8650E-03 1.8633E-03 1.9430E-03 1.9859E-03 2.0171E-03 2.0597E-03 2.1608E-03 2.2286E-03 2.2762E-03 2.2838E-03 2.3574E-03 2.4289E-03 2.5387E-03 2.5411E-03 2.5804E-03 2.6508E-03 2.6821E-03 2.7076E-03 2.8287E-03 2.9390E-03 2.9583E-03 3.0721E-03 3.1578E-03 3.1645E-03 3.2196E-03 3.1431E-03 3.1968E-03 3.2532E-03 3.3170E-03 3.3696E-03 3.3703E-03 3.3717E-03 3.4681E-03 3.5779E-03
7.7674E-04 8.3793E-04 8.8854E-04 9.2893E-04 9.8835E-04 1.0328E-03 1.0731E-03 1.1414E-03 1.2076E-03 1.2567E-03 1.2927E-03 1.3401E-03 1.4128E-03 1.4824E-03 1.5216E-03 1.6063E-03 1.6799E-03 1.7367E-03 1.7664E-03 1.8323E-03 1.8827E-03 1.8959E-03 1.9627E-03 1.9663E-03 2.0320E-03 2.0760E-03 2.1435E-03 2.1881E-03 2.2182E-03 2.3278E-03 2.3930E-03 2.4619E-03 2.4856E-03 2.5015E-03 2.5842E-03 2.6942E-03 2.6768E-03 2.8006E-03 2.8030E-03 2.8877E-03 2.9067E-03 2.9734E-03 3.1094E-03 3.2154E-03 3.2514E-03 3.3209E-03 3.3635E-03 3.4159E-03 3.4207E-03 3.4240E-03 3.5153E-03 3.5331E-03 3.5497E-03 3.5901E-03 3.7074E-03 3.7881E-03 3.9017E-03
8.4257E-04 9.0556E-04 9.6198E-04 9.9886E-04 1.0516E-03 1.0924E-03 1.1533E-03 1.2142E-03 1.2961E-03 1.3526E-03 1.3731E-03 1.4165E-03 1.4936E-03 1.5613E-03 1.6292E-03 1.7068E-03 1.7882E-03 1.8709E-03 1.9001E-03 1.9398E-03 2.0041E-03 2.0134E-03 2.0517E-03 2.0911E-03 2.1467E-03 2.1904E-03 2.2547E-03 2.3739E-03 2.4091E-03 2.5152E-03 2.5563E-03 2.6055E-03 2.6448E-03 2.7991E-03 2.7867E-03 2.7858E-03 2.8371E-03 2.9632E-03 2.9918E-03 3.0814E-03 3.0763E-03 3.1656E-03 3.2500E-03 3.3767E-03 3.4998E-03 3.4899E-03 3.6489E-03 3.6555E-03 3.6339E-03 3.6567E-03 3.7245E-03 3.7298E-03 3.7689E-03 3.8156E-03 3.9364E-03 3.9725E-03 4.1033E-03
9.0082E-04 9.6805E-04 1.0152E-03 1.0607E-03 1.1179E-03 1.1646E-03 1.2370E-03 1.2986E-03 1.3720E-03 1.4212E-03 1.4767E-03 1.5515E-03 1.5827E-03 1.6542E-03 1.7019E-03 1.7867E-03 1.8705E-03 1.9668E-03 2.0425E-03 2.0896E-03 2.1144E-03 2.1450E-03 2.1675E-03 2.2517E-03 2.2808E-03 2.3495E-03 2.4307E-03 2.5303E-03 2.6300E-03 2.6928E-03 2.7077E-03 2.7399E-03 2.8959E-03 2.9694E-03 2.9350E-03 3.0401E-03 3.1659E-03 3.1677E-03 3.1575E-03 3.2422E-03 3.3509E-03 3.4442E-03 3.6161E-03 3.6659E-03 3.7180E-03 3.8244E-03 3.9025E-03 3.8719E-03 3.8326E-03 3.9959E-03 3.9375E-03 4.0435E-03 4.0766E-03 4.2167E-03 4.1698E-03 4.3305E-03 4.4169E-03
9.5475E-04 1.0298E-03 1.0889E-03 1.1263E-03 1.2210E-03 1.2802E-03 1.3259E-03 1.3869E-03 1.4294E-03 1.4974E-03 1.5574E-03 1.6209E-03 1.6970E-03 1.7441E-03 1.8553E-03 1.8933E-03 1.9965E-03 2.0848E-03 2.1706E-03 2.2268E-03 2.2524E-03 2.2782E-03 2.2872E-03 2.3637E-03 2.4078E-03 2.4971E-03 2.5932E-03 2.6785E-03 2.7704E-03 2.8739E-03 2.9587E-03 2.9363E-03 3.0672E-03 3.1327E-03 3.2580E-03 3.3022E-03 3.3722E-03 3.4145E-03 3.4524E-03 3.6225E-03 3.6332E-03 3.7199E-03 3.8566E-03 3.9715E-03 3.9872E-03 4.1326E-03 4.1283E-03 4.1231E-03 4.0660E-03 4.2237E-03 4.3400E-03 4.3771E-03 4.4184E-03 4.5600E-03 4.5340E-03 4.6875E-03 4.8092E-03
1.0369E-03 1.0809E-03 1.1569E-03 1.2372E-03 1.3149E-03 1.3500E-03 1.3926E-03 1.4526E-03 1.5221E-03 1.5946E-03 1.6486E-03 1.7176E-03 1.7614E-03 1.8487E-03 1.9491E-03 2.0350E-03 2.1488E-03 2.1912E-03 2.2683E-03 2.3627E-03 2.4097E-03 2.4186E-03 2.4521E-03 2.5034E-03 2.5499E-03 2.6196E-03 2.7108E-03 2.8740E-03 2.9366E-03 3.0843E-03 3.1251E-03 3.2684E-03 3.2819E-03 3.4190E-03 3.4639E-03 3.5117E-03 3.6044E-03 3.5950E-03 3.6351E-03 3.8592E-03 3.9352E-03 4.0373E-03 4.0862E-03 4.1684E-03 4.2276E-03 4.3337E-03 4.3161E-03 4.3388E-03 4.3118E-03 4.5135E-03 4.6662E-03 4.7337E-03 4.7580E-03 4.8599E-03 4.8519E-03 4.9954E-03 5.2120E-03
1.1112E-03 1.1835E-03 1.2574E-03 1.3087E-03 1.4054E-03 1.4489E-03 1.5084E-03 1.5589E-03 1.6159E-03 1.7125E-03 1.7672E-03 1.8346E-03 1.9001E-03 1.9923E-03 2.0933E-03 2.1755E-03 2.2209E-03 2.3121E-03 2.3877E-03 2.4703E-03 2.5377E-03 2.5508E-03 2.5829E-03 2.6512E-03 2.7270E-03 2.7724E-03 2.9205E-03 3.0784E-03 3.1890E-03 3.2842E-03 3.3982E-03 3.5479E-03 3.6358E-03 3.6358E-03 3.7467E-03 3.7479E-03 3.7730E-03 3.8588E-03 3.9582E-03 4.0617E-03 4.1387E-03 4.2979E-03 4.2954E-03 4.4188E-03 4.4541E-03 4.5666E-03 4.5838E-03 4.6339E-03 4.6250E-03 4.8822E-03 4.9478E-03 5.0702E-03 5.0806E-03 5.1510E-03 5.2567E-03 5.5607E-03 5.6328E-03
1.1717E-03 1.2534E-03 1.3214E-03 1.4106E-03 1.4823E-03 1.5526E-03 1.6098E-03 1.6894E-03 1.7481E-03 1.8075E-03 1.8833E-03 1.9490E-03 2.0561E-03 2.1080E-03 2.1561E-03 2.2704E-03 2.3681E-03 2.4080E-03 2.5038E-03 2.6075E-03 2.6604E-03 2.7040E-03 2.7442E-03 2.8190E-03 2.8708E-03 3.0148E-03 3.1230E-03 3.2413E-03 3.3291E-03 3.4608E-03 3.5817E-03 3.7589E-03 3.8581E-03 3.9371E-03 4.0052E-03 4.0004E-03 3.9820E-03 4.0987E-03 4.1778E-03 4.2826E-03 4.4113E-03 4.4852E-03 4.5357E-03 4.5041E-03 4.6893E-03 4.8694E-03 4.9204E-03 4.8861E-03 5.0504E-03 5.1844E-03 5.1777E-03 5.3519E-03 5.4222E-03 5.4906E-03 5.6058E-03 5.8061E-03 6.1686E-03
1.2526E-03 1.3272E-03 1.4047E-03 1.5042E-03 1.5754E-03 1.6495E-03 1.7337E-03 1.8360E-03 1.9339E-03 1.9320E-03 2.0196E-03 2.1230E-03 2.2063E-03 2.2673E-03 2.4412E-03 2.4027E-03 2.5141E-03 2.5661E-03 2.6191E-03 2.7153E-03 2.7826E-03 2.8541E-03 2.9212E-03 3.0319E-03 3.0934E-03 3.1883E-03 3.2563E-03 3.3749E-03 3.5507E-03 3.6594E-03 3.7729E-03 3.8997E-03 4.0279E-03 4.1869E-03 4.2100E-03 4.2329E-03 4.2363E-03 4.3105E-03 4.4667E-03 4.4785E-03 4.6378E-03 4.7537E-03 4.8254E-03 4.9002E-03 4.9679E-03 5.1101E-03 5.1918E-03 5.2381E-03 5.4069E-03 5.5035E-03 5.6175E-03 5.6393E-03 5.7457E-03 5.7558E-03 6.0223E-03 6.3382E-03 6.3398E-03
1.3162E-03 1.3968E-03 1.4594E-03 1.5452E-03 1.6593E-03 1.7672E-03 1.8335E-03 1.9331E-03 2.0275E-03 2.1288E-03 2.2102E-03 2.3262E-03 2.3886E-03 2.5041E-03 2.5973E-03 2.6271E-03 2.6596E-03 2.7439E-03 2.7576E-03 2.8318E-03 2.9008E-03 2.9861E-03 3.1165E-03 3.2372E-03 3.3217E-03 3.3827E-03 3.5094E-03 3.5410E-03 3.7224E-03 3.8463E-03 3.9244E-03 4.0308E-03 4.3039E-03 4.4013E-03 4.4755E-03 4.4285E-03 4.4820E-03 4.6118E-03 4.7290E-03 4.7478E-03 4.9189E-03 5.0271E-03 5.1175E-03 5.1535E-03 5.2753E-03 5.3877E-03 5.5492E-03 5.5564E-03 5.9413E-03 5.9266E-03 6.0399E-03 6.0271E-03 6.1596E-03 6.2556E-03 6.3995E-03 6.5762E-03 6.7216E-03
1.3710E-03 1.4632E-03 1.5364E-03 1.6399E-03 1.7338E-03 1.8385E-03 1.9494E-03 2.1155E-03 2.1750E-03 2.2493E-03 2.3612E-03 2.5191E-03 2.5991E-03 2.7410E-03 2.7334E-03 2.8728E-03 2.9173E-03 2.8767E-03 2.9589E-03 2.9760E-03 3.0394E-03 3.1166E-03 3.1939E-03 3.3907E-03 3.5587E-03 3.6256E-03 3.7424E-03 3.8095E-03 3.8955E-03 4.0613E-03 4.1431E-03 4.2902E-03 4.5449E-03 4.6216E-03 4.6813E-03 4.6365E-03 4.6753E-03 4.9102E-03 4.9285E-03 5.1808E-03 5.2447E-03 5.3086E-03 5.4882E-03 5.5712E-03 5.6325E-03 5.8118E-03 6.0044E-03 5.9341E-03 6.3277E-03 6.2342E-03 6.4425E-03 6.3747E-03 6.5580E-03 6.6641E-03 6.7258E-03 6.8997E-03 7.0403E-03
1.4615E-03 1.5487E-03 1.6375E-03 1.7529E-03 1.8265E-03 1.9653E-03 2.0766E-03 2.1568E-03 2.3585E-03 2.4451E-03 2.5255E-03 2.6359E-03 2.7255E-03 2.8711E-03 2.9311E-03 3.0268E-03 3.0965E-03 3.1050E-03 3.1109E-03 3.1529E-03 3.1825E-03 3.2749E-03 3.4324E-03 3.5668E-03 3.6896E-03 3.8046E-03 3.9305E-03 4.0527E-03 4.0787E-03 4.2864E-03 4.3995E-03 4.5223E-03 4.7540E-03 4.8224E-03 4.9340E-03 4.9249E-03 5.0023E-03 5.1352E-03 5.3161E-03 5.4371E-03 5.5545E-03 5.6892E-03 5.8547E-03 5.9825E-03 6.1036E-03 6.2639E-03 6.3570E-03 6.5712E-03 6.7379E-03 6.6413E-03 6.8523E-03 6.9155E-03 7.1282E-03 7.1907E-03 7.2143E-03 7.4076E-03 7.5258E-03
1.5632E-03 1.6641E-03 1.7671E-03 1.9272E-03 2.0116E-03 2.0978E-03 2.2130E-03 2.3852E-03 2.4917E-03 2.6154E-03 2.7055E-03 2.8623E-03 2.9299E-03 2.9779E-03 3.0696E-03 3.1892E-03 3.2460E-03 3.2983E-03 3.2603E-03 3.3740E-03 3.4297E-03 3.4954E-03 3.6843E-03 3.9432E-03 3.9947E-03 4.0538E-03 4.1275E-03 4.2558E-03 4.3715E-03 4.4939E-03 4.6543E-03 4.7635E-03 4.9951E-03 5.0993E-03 5.2125E-03 5.3804E-03 5.4974E-03 5.4894E-03 5.6356E-03 5.8658E-03 5.9598E-03 6.0606E-03 6.2243E-03 6.4064E-03 6.6353E-03 6.6545E-03 6.9614E-03 7.1174E-03 7.3288E-03 7.3211E-03 7.3212E-03 7.5617E-03 7.5714E-03 7.7272E-03 7.8259E-03 7.9717E-03 8.2342E-03
1.6696E-03 1.7960E-03 1.9026E-03 2.1287E-03 2.2421E-03 2.3529E-03 2.4510E-03 2.5243E-03 2.6692E-03 2.7892E-03 2.9832E-03 3.0807E-03 3.0819E-03 3.1313E-03 3.2050E-03 3.3206E-03 3.4709E-03 3.4781E-03 3.4701E-03 3.4857E-03 3.7694E-03 3.8386E-03 3.9391E-03 3.9639E-03 4.1502E-03 4.3070E-03 4.3756E-03 4.5520E-03 4.7342E-03 4.7833E-03 5.0038E-03 5.0459E-03 5.2023E-03 5.3846E-03 5.5141E-03 5.6050E-03 5.6020E-03 5.8767E-03 6.0226E-03 6.1762E-03 6.2413E-03 6.3254E-03 6.5172E-03 6.6860E-03 7.0692E-03 7.2161E-03 7.4575E-03 7.5341E-03 7.8498E-03 7.7310E-03 7.9653E-03 7.9262E-03 7.9756E-03 8.4470E-03 8.4242E-03 8.6895E-03 8.9926E-03
1.7730E-03 1.8997E-03 2.1034E-03 2.2592E-03 2.3979E-03 2.5343E-03 2.6687E-03 2.7610E-03 2.9549E-03 3.0212E-03 3.1708E-03 3.2056E-03 3.2834E-03 3.3023E-03 3.3928E-03 3.4525E-03 3.5070E-03 3.6670E-03 3.7784E-03 3.6774E-03 3.8214E-03 3.9351E-03 4.0752E-03 4.2209E-03 4.3390E-03 4.4552E-03 4.6925E-03 4.9361E-03 4.9937E-03 5.0688E-03 5.2238E-03 5.3729E-03 5.5519E-03 5.6912E-03 5.8549E-03 6.0093E-03 6.1488E-03 6.2802E-03 6.3060E-03 6.4890E-03 6.6513E-03 6.6780E-03 7.0283E-03 7.2891E-03 7.5573E-03 7.6981E-03 7.8510E-03 8.1367E-03 8.2667E-03 8.2851E-03 8.5439E-03 8.9022E-03 8.8483E-03 8.8878E-03 8.9916E-03 9.3843E-03 8.9098E-03
1.8882E-03 2.0391E-03 2.1858E-03 2.4141E-03 2.4960E-03 2.6709E-03 2.8432E-03 2.9642E-03 3.1164E-03 3.3391E-03 3.4187E-03 3.4564E-03 3.4944E-03 3.5948E-03 3.6064E-03 3.6244E-03 3.7314E-03 3.7184E-03 3.8041E-03 4.0501E-03 4.0451E-03 4.2563E-03 4.3885E-03 4.4930E-03 4.5521E-03 4.7468E-03 4.9946E-03 5.2054E-03 5.3964E-03 5.4180E-03 5.5423E-03 5.6726E-03 5.8180E-03 6.0209E-03 6.2561E-03 6.4207E-03 6.5772E-03 6.6281E-03 6.6862E-03 6.9123E-03 7.1273E-03 7.1212E-03 7.3860E-03 7.6857E-03 7.9801E-03 8.2213E-03 8.5843E-03 8.8557E-03 9.3000E-03 9.3211E-03 9.3455E-03 9.4254E-03 9.3882E-03 9.3124E-03 9.6742E-03 9.3849E-03 9.6654E-03
1.9903E-03 2.1382E-03 2.3440E-03 2.5613E-03 2.6611E-03 2.7817E-03 2.9810E-03 3.1488E-03 3.3966E-03 3.5769E-03 3.6847E-03 3.6773E-03 3.7620E-03 3.8136E-03 3.8278E-03 3.9532E-03 4.0137E-03 4.0322E-03 4.0593E-03 4.1951E-03 4.3590E-03 4.6073E-03 4.6115E-03 4.8952E-03 4.9312E-03 5.1733E-03 5.2088E-03 5.3858E-03 5.5724E-03 5.7250E-03 5.8862E-03 5.9847E-03 6.2653E-03 6.3896E-03 6.4377E-03 6.6396E-03 6.9864E-03 7.0508E-03 7.0896E-03 7.3107E-03 7.5799E-03 7.5804E-03 7.8484E-03 8.0796E-03 8.4589E-03 8.7324E-03 9.1164E-03 9.4930E-03 9.9665E-03 9.8131E-03 9.8251E-03 9.9028E-03 9.7789E-03 1.0209E-02 1.0448E-02 1.0252E-02 1.0223E-02
2.0904E-03 2.2588E-03 2.3999E-03 2.6409E-03 2.8451E-03 2.8824E-03 3.1127E-03 3.3085E-03 3.6017E-03 3.7774E-03 3.9084E-03 3.9085E-03 4.0079E-03 4.0851E-03 4.0860E-03 4.1598E-03 4.2629E-03 4.3519E-03 4.5482E-03 4.5038E-03 4.6001E-03 4.8104E-03 4.9340E-03 5.1117E-03 5.2967E-03 5.3556E-03 5.5159E-03 5.6638E-03 5.8607E-03 6.1835E-03 6.3962E-03 6.4330E-03 6.5584E-03 6.7188E-03 6.7732E-03 7.0761E-03 7.4173E-03 7.6600E-03 7.5631E-03 7.5347E-03 7.9060E-03 7.8667E-03 8.2740E-03 8.5697E-03 8.8936E-03 9.4829E-03 9.6090E-03 1.0204E-02 1.0508E-02 1.0373E-02 1.0333E-02 1.0227E-02 1.0473E-02 1.0788E-02 1.1252E-02 1.0932E-02 1.0936E-02
2.2023E-03 2.3106E-03 2.5621E-03 2.8631E-03 3.0023E-03 3.1010E-03 3.2775E-03 3.5488E-03 3.7671E-03 3.9451E-03 4.0315E-03 4.1653E-03 4.2454E-03 4.3438E-03 4.4291E-03 4.5032E-03 4.6009E-03 4.6349E-03 4.7669E-03 4.9373E-03 4.9941E-03 5.0473E-03 5.1666E-03 5.4515E-03 5.5372E-03 5.7855E-03 5.8220E-03 6.0378E-03 6.1875E-03 6.4924E-03 6.7542E-03 6.8809E-03 7.0064E-03 7.1288E-03 7.3288E-03 7.3732E-03 7.7810E-03 8.0624E-03 8.1235E-03 8.0228E-03 8.2324E-03 8.5706E-03 9.0995E-03 9.2021E-03 9.5234E-03 1.0055E-02 1.0303E-02 1.0701E-02 1.1134E-02 1.1283E-02 1.0889E-02 1.0789E-02 1.0969E-02 1.1479E-02 1.1921E-02 1.2092E-02 1.2232E-02
2.3668E-03 2.5183E-03 2.7324E-03 3.0237E-03 3.1707E-03 3.3367E-03 3.4929E-03 3.7191E-03 3.9543E-03 4.0216E-03 4.1941E-03 4.3732E-03 4.5253E-03 4.6641E-03 4.7654E-03 4.8596E-03 4.9277E-03 4.9546E-03 5.1592E-03 5.2972E-03 5.3899E-03 5.3690E-03 5.6715E-03 5.7333E-03 6.1844E-03 6.2445E-03 6.3686E-03 6.5182E-03 6.6112E-03 6.8040E-03 7.2464E-03 7.3195E-03 7.3653E-03 7.4234E-03 7.5773E-03 7.8256E-03 8.1101E-03 8.4354E-03 8.5066E-03 8.5651E-03 8.7143E-03 9.1572E-03 9.6144E-03 9.9116E-03 1.0181E-02 1.0648E-02 1.0817E-02 1.1328E-02 1.1523E-02 1.1919E-02 1.1448E-02 1.1522E-02 1.1571E-02 1.2645E-02 1.3316E-02 1.3098E-02 1.3068E-02
