inst/extdata/p98_1h_conc.grd
ncols       100
nrows       100
xllcorner      7.375160000E+05
yllcorner      5.081320000E+06
cellsize      5.000000000E+01
nodata_value         -9
[rows 75 to 99 of 100, columns 0 to 56 of 100]
4.5542E-02 5.7865E-02 7.1137E-02 7.8317E-02 8.7992E-02 9.0540E-02 9.6722E-02 9.9069E-02 1.0292E-01 1.0764E-01 1.1271E-01 1.1475E-01 1.1941E-01 1.2287E-01 1.4104E-01 1.4359E-01 1.5782E-01 1.7083E-01 1.7681E-01 1.8902E-01 2.1258E-01 2.0722E-01 1.9221E-01 1.9146E-01 2.0544E-01 2.0854E-01 2.2517E-01 2.3481E-01 2.5584E-01 2.5816E-01 2.4965E-01 2.6964E-01 2.5823E-01 2.5821E-01 2.5811E-01 2.6169E-01 2.7496E-01 2.7253E-01 2.8087E-01 2.7312E-01 3.1239E-01 3.1819E-01 3.0271E-01 2.7584E-01 2.8694E-01 2.6739E-01 2.5988E-01 2.5974E-01 2.4552E-01 2.8537E-01 2.8787E-01 2.9116E-01 2.6987E-01 2.4948E-01 2.3703E-01 2.3112E-01 2.3738E-01
4.7978E-02 6.1913E-02 7.1256E-02 8.0149E-02 8.5784E-02 8.9796E-02 9.6558E-02 9.8785E-02 1.0370E-01 1.0589E-01 1.1132E-01 1.1200E-01 1.2499E-01 1.2868E-01 1.3512E-01 1.5186E-01 1.5654E-01 1.7105E-01 1.8403E-01 1.9670E-01 1.9095E-01 1.8458E-01 1.9089E-01 1.9809E-01 2.0623E-01 2.2597E-01 2.1674E-01 2.5196E-01 2.4745E-01 2.4285E-01 2.5138E-01 2.3921E-01 2.3699E-01 2.4789E-01 2.4682E-01 2.5165E-01 2.5942E-01 2.6191E-01 2.5716E-01 2.7411E-01 2.8718E-01 3.0022E-01 2.6554E-01 2.7224E-01 2.5959E-01 2.5649E-01 2.4244E-01 2.4051E-01 2.2906E-01 2.6052E-01 2.7634E-01 2.6286E-01 2.5765E-01 2.2131E-01 2.1506E-01 2.1910E-01 2.2812E-01
4.7903E-02 6.3440E-02 7.3039E-02 8.1152E-02 8.7036E-02 9.2074E-02 9.1939E-02 9.4703E-02 9.8908E-02 1.0396E-01 1.1392E-01 1.2067E-01 1.3010E-01 1.3140E-01 1.3837E-01 1.5204E-01 1.6086E-01 1.7422E-01 1.8501E-01 1.7957E-01 1.7270E-01 1.8610E-01 1.8471E-01 1.9474E-01 2.2124E-01 2.0598E-01 2.2768E-01 2.3339E-01 2.2564E-01 2.3128E-01 2.2838E-01 2.2621E-01 2.3078E-01 2.3691E-01 2.2899E-01 2.4592E-01 2.4488E-01 2.3956E-01 2.4106E-01 2.6884E-01 2.8236E-01 2.7771E-01 2.4578E-01 2.4439E-01 2.3450E-01 2.3882E-01 2.2574E-01 2.3333E-01 2.1700E-01 2.4124E-01 2.6184E-01 2.4944E-01 2.4272E-01 2.1466E-01 2.0349E-01 2.1319E-01 2.1990E-01
4.9059E-02 6.3287E-02 7.3205E-02 8.1500E-02 8.5383E-02 8.7310E-02 8.9585E-02 9.4661E-02 1.0076E-01 1.0804E-01 1.1896E-01 1.2331E-01 1.2786E-01 1.2987E-01 1.4362E-01 1.5685E-01 1.7482E-01 1.7161E-01 1.6464E-01 1.6709E-01 1.7651E-01 1.8157E-01 1.8790E-01 2.0818E-01 1.9466E-01 2.1713E-01 2.2776E-01 2.1661E-01 2.2338E-01 2.1966E-01 2.1477E-01 2.1487E-01 2.2340E-01 2.1936E-01 2.2956E-01 2.3581E-01 2.3493E-01 2.2213E-01 2.4512E-01 2.5760E-01 2.6934E-01 2.4471E-01 2.4152E-01 2.2916E-01 2.2246E-01 2.1655E-01 2.1241E-01 2.1471E-01 2.0422E-01 2.2231E-01 2.5249E-01 2.4247E-01 2.2846E-01 2.0356E-01 1.9258E-01 1.9982E-01 1.9811E-01
4.8980E-02 6.2503E-02 7.0577E-02 7.8530E-02 8.2858E-02 8.4822E-02 9.3187E-02 9.6597E-02 1.0683E-01 1.1580E-01 1.2053E-01 1.2389E-01 1.3077E-01 1.3993E-01 1.5105E-01 1.6201E-01 1.5279E-01 1.5383E-01 1.5541E-01 1.6611E-01 1.7809E-01 1.7845E-01 1.9631E-01 1.8667E-01 2.0282E-01 2.1217E-01 2.0428E-01 2.1926E-01 2.0650E-01 2.0421E-01 2.0519E-01 2.1042E-01 2.1274E-01 2.0523E-01 2.1297E-01 2.1015E-01 2.1288E-01 2.2411E-01 2.3995E-01 2.5123E-01 2.5168E-01 2.2487E-01 2.2424E-01 2.1812E-01 2.1688E-01 2.0703E-01 1.9615E-01 1.9946E-01 1.9482E-01 2.1714E-01 2.3628E-01 2.3572E-01 2.1134E-01 1.9518E-01 1.8401E-01 1.8929E-01 1.8576E-01
4.6974E-02 6.1972E-02 7.1885E-02 7.8524E-02 8.2845E-02 8.6320E-02 9.3616E-02 1.0052E-01 1.0583E-01 1.1344E-01 1.2126E-01 1.2879E-01 1.4331E-01 1.5067E-01 1.4986E-01 1.4540E-01 1.4737E-01 1.5035E-01 1.6382E-01 1.6727E-01 1.7330E-01 1.8337E-01 1.7999E-01 1.9213E-01 2.0679E-01 1.9834E-01 2.0552E-01 1.9906E-01 1.9957E-01 2.0090E-01 1.9824E-01 1.9983E-01 1.9267E-01 2.0731E-01 2.0959E-01 2.0038E-01 1.9129E-01 2.2562E-01 2.3172E-01 2.4626E-01 2.2228E-01 2.0971E-01 2.0285E-01 2.0301E-01 2.0577E-01 1.9661E-01 1.8858E-01 1.9103E-01 1.8309E-01 2.0130E-01 2.2457E-01 2.2267E-01 2.0583E-01 1.9127E-01 1.7434E-01 1.7857E-01 1.7267E-01
4.7586E-02 6.0654E-02 7.0833E-02 7.6727E-02 8.1742E-02 9.3352E-02 9.6305E-02 1.0217E-01 1.1057E-01 1.1629E-01 1.2702E-01 1.4071E-01 1.4146E-01 1.4477E-01 1.3593E-01 1.3684E-01 1.4304E-01 1.5312E-01 1.6174E-01 1.6512E-01 1.7114E-01 1.7507E-01 1.8343E-01 1.9704E-01 1.9349E-01 1.9521E-01 1.8974E-01 1.8952E-01 1.8991E-01 1.8510E-01 1.8669E-01 1.9053E-01 1.9127E-01 1.9970E-01 1.8992E-01 1.8372E-01 2.0668E-01 2.2291E-01 2.3440E-01 2.3742E-01 1.9510E-01 2.0384E-01 1.8930E-01 1.9889E-01 1.9455E-01 1.9096E-01 1.8122E-01 1.8518E-01 1.8188E-01 1.9000E-01 2.1463E-01 2.1353E-01 1.9785E-01 1.8584E-01 1.6491E-01 1.6854E-01 1.7133E-01
4.7712E-02 6.1039E-02 7.1454E-02 8.2806E-02 8.7540E-02 9.4747E-02 1.0132E-01 1.0660E-01 1.1370E-01 1.2332E-01 1.3114E-01 1.3858E-01 1.3864E-01 1.2828E-01 1.3183E-01 1.3672E-01 1.4467E-01 1.4664E-01 1.5617E-01 1.6111E-01 1.6578E-01 1.7658E-01 1.8849E-01 1.8726E-01 1.8283E-01 1.8021E-01 1.8100E-01 1.7904E-01 1.8073E-01 1.7645E-01 1.8090E-01 1.8126E-01 1.8470E-01 1.8561E-01 1.7266E-01 1.7756E-01 2.1269E-01 2.1785E-01 2.2578E-01 2.1219E-01 1.9448E-01 1.8964E-01 1.8501E-01 1.9292E-01 1.8884E-01 1.8569E-01 1.7257E-01 1.7236E-01 1.7014E-01 1.7602E-01 2.0327E-01 2.0475E-01 1.9048E-01 1.7673E-01 1.5923E-01 1.6167E-01 1.6928E-01
5.0058E-02 6.5076E-02 7.6473E-02 8.3868E-02 9.0100E-02 9.8206E-02 1.0190E-01 1.0946E-01 1.2217E-01 1.2841E-01 1.3457E-01 1.3037E-01 1.2847E-01 1.2767E-01 1.3102E-01 1.3516E-01 1.3859E-01 1.4384E-01 1.5188E-01 1.5794E-01 1.7012E-01 1.8088E-01 1.8152E-01 1.7365E-01 1.7441E-01 1.7321E-01 1.7119E-01 1.7064E-01 1.7242E-01 1.7304E-01 1.7417E-01 1.7261E-01 1.7701E-01 1.7417E-01 1.6696E-01 1.9157E-01 2.1493E-01 2.1190E-01 2.2009E-01 2.0204E-01 1.8706E-01 1.8053E-01 1.8271E-01 1.8585E-01 1.7952E-01 1.7064E-01 1.7438E-01 1.6180E-01 1.6200E-01 1.7420E-01 1.9790E-01 1.9032E-01 1.8444E-01 1.6917E-01 1.4946E-01 1.5742E-01 1.6529E-01
5.1874E-02 6.6616E-02 7.7861E-02 8.7949E-02 9.2291E-02 9.9001E-02 1.0737E-01 1.1876E-01 1.2287E-01 1.2759E-01 1.2230E-01 1.2230E-01 1.2513E-01 1.2808E-01 1.2991E-01 1.3240E-01 1.3668E-01 1.4124E-01 1.5182E-01 1.6117E-01 1.7251E-01 1.7766E-01 1.6957E-01 1.6959E-01 1.6688E-01 1.6365E-01 1.6446E-01 1.6251E-01 1.6414E-01 1.6624E-01 1.6603E-01 1.7443E-01 1.6276E-01 1.6687E-01 1.6913E-01 1.9452E-01 2.0503E-01 2.1221E-01 2.0634E-01 1.8567E-01 1.8317E-01 1.6682E-01 1.7579E-01 1.7509E-01 1.7926E-01 1.6528E-01 1.6521E-01 1.5738E-01 1.6000E-01 1.7225E-01 1.8436E-01 1.8614E-01 1.7710E-01 1.6377E-01 1.4511E-01 1.4937E-01 1.6039E-01
5.2956E-02 6.7816E-02 7.9377E-02 8.6987E-02 9.5573E-02 1.0147E-01 1.0993E-01 1.1889E-01 1.2281E-01 1.1652E-01 1.1965E-01 1.1862E-01 1.2690E-01 1.2377E-01 1.2682E-01 1.3277E-01 1.3584E-01 1.4330E-01 1.5203E-01 1.6492E-01 1.7214E-01 1.6347E-01 1.5897E-01 1.5771E-01 1.5770E-01 1.5459E-01 1.5663E-01 1.5898E-01 1.5536E-01 1.5995E-01 1.5676E-01 1.5811E-01 1.5718E-01 1.5459E-01 1.7302E-01 1.9232E-01 1.9235E-01 2.0489E-01 1.8798E-01 1.7324E-01 1.7291E-01 1.6852E-01 1.7158E-01 1.7053E-01 1.6905E-01 1.6410E-01 1.5928E-01 1.5205E-01 1.5598E-01 1.6730E-01 1.7448E-01 1.8184E-01 1.7418E-01 1.5810E-01 1.4386E-01 1.4526E-01 1.5766E-01
5.4614E-02 7.1418E-02 8.2750E-02 9.3381E-02 1.0107E-01 1.0670E-01 1.1240E-01 1.1340E-01 1.1313E-01 1.1502E-01 1.1531E-01 1.2230E-01 1.2243E-01 1.2569E-01 1.2810E-01 1.3247E-01 1.3856E-01 1.4394E-01 1.5672E-01 1.5947E-01 1.5779E-01 1.5279E-01 1.5431E-01 1.5416E-01 1.4900E-01 1.5489E-01 1.5264E-01 1.4960E-01 1.5704E-01 1.5116E-01 1.6108E-01 1.4911E-01 1.4832E-01 1.5951E-01 1.7156E-01 1.8244E-01 1.9158E-01 1.8671E-01 1.7495E-01 1.6903E-01 1.5528E-01 1.6320E-01 1.6746E-01 1.5969E-01 1.5920E-01 1.5878E-01 1.5589E-01 1.4733E-01 1.5287E-01 1.6280E-01 1.7431E-01 1.7402E-01 1.6304E-01 1.5446E-01 1.3998E-01 1.4015E-01 1.5025E-01
5.5550E-02 7.1324E-02 8.5466E-02 9.5461E-02 1.0480E-01 1.0850E-01 1.0754E-01 1.0874E-01 1.0887E-01 1.1439E-01 1.1944E-01 1.2160E-01 1.2345E-01 1.2313E-01 1.2657E-01 1.3249E-01 1.3635E-01 1.4861E-01 1.4719E-01 1.5049E-01 1.4676E-01 1.4945E-01 1.4904E-01 1.4492E-01 1.4896E-01 1.4950E-01 1.4818E-01 1.4853E-01 1.4261E-01 1.6013E-01 1.4262E-01 1.4220E-01 1.4619E-01 1.5709E-01 1.7765E-01 1.7520E-01 1.9147E-01 1.7302E-01 1.6736E-01 1.6260E-01 1.5076E-01 1.5546E-01 1.6180E-01 1.5778E-01 1.5270E-01 1.5699E-01 1.5128E-01 1.3775E-01 1.4936E-01 1.5892E-01 1.7001E-01 1.6561E-01 1.5805E-01 1.4632E-01 1.3471E-01 1.3485E-01 1.4273E-01
5.7613E-02 7.4232E-02 8.7076E-02 9.7040E-02 1.0388E-01 1.0407E-01 1.0356E-01 1.0488E-01 1.1186E-01 1.1480E-01 1.1801E-01 1.2133E-01 1.2165E-01 1.2451E-01 1.2809E-01 1.2907E-01 1.3788E-01 1.4139E-01 1.4236E-01 1.4396E-01 1.4418E-01 1.4175E-01 1.4014E-01 1.4027E-01 1.3976E-01 1.4192E-01 1.4357E-01 1.3958E-01 1.5007E-01 1.4650E-01 1.3779E-01 1.4150E-01 1.4751E-01 1.5857E-01 1.6760E-01 1.7229E-01 1.7168E-01 1.6413E-01 1.5989E-01 1.5364E-01 1.4851E-01 1.5037E-01 1.5351E-01 1.4874E-01 1.5077E-01 1.4754E-01 1.4536E-01 1.3137E-01 1.4213E-01 1.5408E-01 1.6389E-01 1.5848E-01 1.5209E-01 1.4159E-01 1.3056E-01 1.3238E-01 1.3329E-01
5.8046E-02 7.6861E-02 9.0122E-02 9.4070E-02 9.6809E-02 9.8935E-02 1.0228E-01 1.0734E-01 1.1010E-01 1.1477E-01 1.1701E-01 1.2024E-01 1.2133E-01 1.2597E-01 1.2423E-01 1.3444E-01 1.3782E-01 1.3860E-01 1.4004E-01 1.4295E-01 1.4104E-01 1.3624E-01 1.3168E-01 1.3583E-01 1.3738E-01 1.3779E-01 1.4100E-01 1.3874E-01 1.4600E-01 1.3268E-01 1.3462E-01 1.3447E-01 1.4569E-01 1.5694E-01 1.5619E-01 1.7589E-01 1.5882E-01 1.5429E-01 1.5365E-01 1.4642E-01 1.4764E-01 1.5181E-01 1.4372E-01 1.4476E-01 1.4103E-01 1.4116E-01 1.3910E-01 1.2773E-01 1.4065E-01 1.4732E-01 1.5864E-01 1.4985E-01 1.4264E-01 1.3873E-01 1.2700E-01 1.2859E-01 1.2830E-01
5.7795E-02 7.4119E-02 8.2742E-02 9.0218E-02 9.4497E-02 9.9612E-02 1.0359E-01 1.0849E-01 1.1248E-01 1.1297E-01 1.1333E-01 1.1844E-01 1.2158E-01 1.2325E-01 1.3150E-01 1.3354E-01 1.3169E-01 1.3394E-01 1.4088E-01 1.4174E-01 1.3231E-01 1.3134E-01 1.3077E-01 1.2938E-01 1.3121E-01 1.3959E-01 1.3294E-01 1.4683E-01 1.3364E-01 1.3026E-01 1.3480E-01 1.3696E-01 1.5270E-01 1.5630E-01 1.6148E-01 1.6200E-01 1.4844E-01 1.4024E-01 1.4048E-01 1.3632E-01 1.4199E-01 1.4822E-01 1.3885E-01 1.3803E-01 1.3682E-01 1.3873E-01 1.3293E-01 1.2496E-01 1.4015E-01 1.4086E-01 1.4834E-01 1.4599E-01 1.3424E-01 1.3109E-01 1.2533E-01 1.2144E-01 1.2266E-01
5.6575E-02 7.0854E-02 8.1595E-02 8.9691E-02 9.1793E-02 9.6491E-02 1.0098E-01 1.0846E-01 1.0995E-01 1.1192E-01 1.1474E-01 1.1911E-01 1.2305E-01 1.2768E-01 1.2986E-01 1.2765E-01 1.3215E-01 1.3454E-01 1.3825E-01 1.2996E-01 1.2750E-01 1.2667E-01 1.2911E-01 1.2728E-01 1.3025E-01 1.2690E-01 1.3343E-01 1.3248E-01 1.2803E-01 1.3002E-01 1.3028E-01 1.3920E-01 1.4744E-01 1.4895E-01 1.6470E-01 1.5392E-01 1.4289E-01 1.3961E-01 1.3526E-01 1.3349E-01 1.3902E-01 1.3911E-01 1.3554E-01 1.3412E-01 1.3344E-01 1.3468E-01 1.2621E-01 1.1799E-01 1.3185E-01 1.3441E-01 1.4289E-01 1.4023E-01 1.2991E-01 1.2638E-01 1.1845E-01 1.1590E-01 1.1435E-01
5.5090E-02 7.0961E-02 8.1611E-02 8.7960E-02 9.3214E-02 9.7476E-02 1.0162E-01 1.0494E-01 1.0824E-01 1.1021E-01 1.1515E-01 1.1836E-01 1.2384E-01 1.2844E-01 1.2809E-01 1.3292E-01 1.3354E-01 1.3786E-01 1.2945E-01 1.2603E-01 1.2419E-01 1.2666E-01 1.2386E-01 1.2645E-01 1.2644E-01 1.2533E-01 1.3202E-01 1.2244E-01 1.2602E-01 1.2896E-01 1.3088E-01 1.4326E-01 1.4358E-01 1.5012E-01 1.5251E-01 1.4353E-01 1.3590E-01 1.3004E-01 1.2373E-01 1.3079E-01 1.3433E-01 1.3286E-01 1.2808E-01 1.2744E-01 1.2982E-01 1.2836E-01 1.2004E-01 1.1888E-01 1.2899E-01 1.3093E-01 1.3135E-01 1.3121E-01 1.2259E-01 1.2234E-01 1.1684E-01 1.0934E-01 1.0969E-01
5.3144E-02 6.7417E-02 7.9592E-02 8.9161E-02 9.1372E-02 9.7187E-02 1.0407E-01 1.0463E-01 1.0806E-01 1.1122E-01 1.1373E-01 1.2175E-01 1.2622E-01 1.2539E-01 1.2900E-01 1.2895E-01 1.3191E-01 1.2538E-01 1.2223E-01 1.2337E-01 1.2313E-01 1.1871E-01 1.2119E-01 1.2252E-01 1.1816E-01 1.2338E-01 1.2029E-01 1.2068E-01 1.2590E-01 1.2705E-01 1.3234E-01 1.4299E-01 1.4325E-01 1.5358E-01 1.4672E-01 1.3874E-01 1.3286E-01 1.2532E-01 1.1845E-01 1.2840E-01 1.2505E-01 1.2406E-01 1.2391E-01 1.2575E-01 1.2409E-01 1.2144E-01 1.1661E-01 1.1825E-01 1.2640E-01 1.2793E-01 1.2344E-01 1.2922E-01 1.1525E-01 1.1468E-01 1.1044E-01 1.0690E-01 1.0530E-01
5.2249E-02 6.6332E-02 7.8648E-02 8.5892E-02 9.2156E-02 9.8482E-02 9.9717E-02 1.0135E-01 1.0568E-01 1.0975E-01 1.1661E-01 1.2075E-01 1.1898E-01 1.2591E-01 1.2526E-01 1.2892E-01 1.2164E-01 1.2073E-01 1.1860E-01 1.2021E-01 1.1460E-01 1.1511E-01 1.1734E-01 1.1405E-01 1.1874E-01 1.2007E-01 1.1559E-01 1.2144E-01 1.2404E-01 1.2211E-01 1.3594E-01 1.3801E-01 1.3908E-01 1.4340E-01 1.3810E-01 1.3583E-01 1.2683E-01 1.1665E-01 1.1906E-01 1.1972E-01 1.2416E-01 1.1971E-01 1.1945E-01 1.2055E-01 1.2462E-01 1.1526E-01 1.1071E-01 1.1292E-01 1.2070E-01 1.1886E-01 1.1842E-01 1.2210E-01 1.0868E-01 1.1146E-01 1.0616E-01 1.0378E-01 1.0290E-01
5.1704E-02 6.6042E-02 7.4398E-02 8.3797E-02 9.0044E-02 9.4499E-02 9.6405E-02 9.9219E-02 1.0712E-01 1.1387E-01 1.1420E-01 1.1415E-01 1.2187E-01 1.2056E-01 1.2309E-01 1.2003E-01 1.1734E-01 1.1511E-01 1.1747E-01 1.1321E-01 1.1172E-01 1.1165E-01 1.1077E-01 1.1381E-01 1.1452E-01 1.1098E-01 1.1410E-01 1.1823E-01 1.1984E-01 1.2605E-01 1.4199E-01 1.3424E-01 1.3588E-01 1.3887E-01 1.3019E-01 1.2439E-01 1.1807E-01 1.0820E-01 1.1035E-01 1.2002E-01 1.1979E-01 1.1592E-01 1.1853E-01 1.1464E-01 1.1480E-01 1.1304E-01 1.0393E-01 1.1165E-01 1.1591E-01 1.1568E-01 1.1492E-01 1.1792E-01 1.0576E-01 1.0741E-01 1.0142E-01 9.9065E-02 9.7657E-02
4.9181E-02 6.2017E-02 7.3066E-02 8.3278E-02 8.6879E-02 8.8324E-02 9.0574E-02 9.9436E-02 1.0728E-01 1.0588E-01 1.0900E-01 1.1597E-01 1.1495E-01 1.1621E-01 1.1516E-01 1.1172E-01 1.1078E-01 1.1068E-01 1.0954E-01 1.0768E-01 1.0380E-01 1.0472E-01 1.0429E-01 1.1042E-01 1.0716E-01 1.0400E-01 1.0794E-01 1.1108E-01 1.1542E-01 1.2847E-01 1.2829E-01 1.2697E-01 1.3242E-01 1.2692E-01 1.2575E-01 1.1961E-01 1.0883E-01 1.0714E-01 1.1045E-01 1.1864E-01 1.1187E-01 1.1056E-01 1.0900E-01 1.1131E-01 1.1085E-01 1.0751E-01 9.8631E-02 1.0291E-01 1.0973E-01 1.1145E-01 1.1704E-01 1.1303E-01 1.0509E-01 1.0597E-01 9.6356E-02 9.2430E-02 9.6163E-02
4.4754E-02 5.7761E-02 7.0421E-02 7.5604E-02 7.8453E-02 8.2296E-02 8.7685E-02 9.5145E-02 9.7193E-02 9.9915E-02 1.0607E-01 1.0357E-01 1.0589E-01 1.0615E-01 1.0235E-01 1.0085E-01 1.0248E-01 1.0322E-01 9.7767E-02 9.7854E-02 9.7505E-02 9.7265E-02 1.0049E-01 9.8685E-02 9.7424E-02 1.0013E-01 1.0167E-01 1.0569E-01 1.1270E-01 1.2340E-01 1.2159E-01 1.2000E-01 1.1838E-01 1.1972E-01 1.1484E-01 1.0731E-01 9.9749E-02 1.0297E-01 1.1076E-01 1.0982E-01 1.0434E-01 1.0305E-01 1.0247E-01 1.0383E-01 1.0397E-01 1.0150E-01 9.3744E-02 9.5563E-02 1.0529E-01 1.0655E-01 1.0563E-01 1.0436E-01 1.0061E-01 9.6264E-02 9.3166E-02 8.5758E-02 8.6543E-02
3.9372E-02 5.3367E-02 6.1942E-02 6.6386E-02 6.9343E-02 7.5143E-02 8.0288E-02 8.3680E-02 8.6379E-02 9.1147E-02 8.9037E-02 9.2385E-02 9.0771E-02 8.9050E-02 8.7890E-02 8.9658E-02 8.8873E-02 8.6880E-02 8.6652E-02 8.2540E-02 8.5723E-02 8.6497E-02 8.6229E-02 8.6011E-02 8.6187E-02 8.9952E-02 9.1889E-02 9.4838E-02 1.0369E-01 1.0326E-01 1.0588E-01 1.0221E-01 1.0190E-01 1.0353E-01 9.8542E-02 9.2434E-02 8.7069E-02 9.0940E-02 1.0103E-01 9.5909E-02 9.2470E-02 8.8322E-02 9.3889E-02 9.1328E-02 8.9290E-02 8.7281E-02 8.4807E-02 8.5890E-02 9.0741E-02 9.1489E-02 9.4992E-02 9.0475E-02 8.8312E-02 8.5586E-02 8.2999E-02 7.9571E-02 7.6801E-02
3.2718E-02 4.1919E-02 4.7413E-02 5.0666E-02 5.5593E-02 5.9749E-02 6.2041E-02 6.4842E-02 6.6926E-02 6.8588E-02 7.0426E-02 6.9154E-02 7.0852E-02 6.8236E-02 6.6753E-02 6.6024E-02 6.7215E-02 6.4533E-02 6.4274E-02 6.4842E-02 6.5441E-02 6.6176E-02 6.5267E-02 6.3496E-02 6.5894E-02 6.8802E-02 7.1101E-02 7.4275E-02 8.2189E-02 7.7990E-02 8.0310E-02 7.8381E-02 7.7666E-02 7.9439E-02 7.3950E-02 6.9798E-02 6.9575E-02 7.0873E-02 7.8217E-02 7.2473E-02 7.1041E-02 6.8673E-02 7.1183E-02 7.0692E-02 6.8700E-02 6.5600E-02 6.6803E-02 6.8011E-02 6.7866E-02 7.0921E-02 7.1107E-02 7.0218E-02 6.5932E-02 6.4364E-02 6.4478E-02 5.9308E-02 6.1536E-02
