inst/extdata/p98_1h_conc.grd
ncols       100
nrows       100
xllcorner      7.375160000E+05
yllcorner      5.081320000E+06
cellsize      5.000000000E+01
nodata_value         -9
[rows 50 to 74 of 100, columns 0 to 56 of 100]
1.0792E-02 1.2586E-02 1.4362E-02 1.5831E-02 1.6931E-02 1.8393E-02 1.9522E-02 2.0156E-02 2.1250E-02 2.2497E-02 2.3925E-02 2.5421E-02 2.6998E-02 2.7903E-02 2.8919E-02 3.0865E-02 3.5155E-02 3.7681E-02 4.0221E-02 4.3002E-02 4.5035E-02 4.7443E-02 5.0822E-02 5.2833E-02 5.6582E-02 5.8475E-02 6.0676E-02 6.4160E-02 6.3444E-02 6.5534E-02 6.8225E-02 7.1580E-02 7.4682E-02 8.1810E-02 9.1537E-02 9.8377E-02 1.0535E-01 1.2306E-01 1.3446E-01 1.5709E-01 1.7113E-01 1.9690E-01 2.3046E-01 2.8779E-01 3.6661E-01 5.0655E-01 7.9041E-01 1.4282E+00 2.7238E+00 6.1377E+00 2.4466E+01 3.7001E+01 1.3866E+01 6.8233E+00 2.8986E+00 1.6208E+00 9.5160E-01
1.1630E-02 1.3599E-02 1.5656E-02 1.6489E-02 1.9214E-02 1.9621E-02 2.1440E-02 2.3219E-02 2.4630E-02 2.6004E-02 2.7463E-02 2.8894E-02 2.9572E-02 3.0073E-02 3.2681E-02 3.5310E-02 3.7132E-02 3.9463E-02 4.2042E-02 4.4785E-02 4.7861E-02 5.0906E-02 5.2828E-02 5.6304E-02 6.0051E-02 6.3856E-02 7.2577E-02 7.3639E-02 7.9983E-02 8.0154E-02 8.3210E-02 8.6951E-02 9.6047E-02 1.1093E-01 1.1920E-01 1.3226E-01 1.4510E-01 1.6175E-01 1.7588E-01 2.0006E-01 2.1957E-01 2.5774E-01 3.3079E-01 4.2933E-01 5.8328E-01 8.6180E-01 1.4525E+00 2.8734E+00 7.3555E+00 1.6897E+01 8.9313E+01 1.8506E+02 1.8153E+01 6.6428E+00 2.7680E+00 1.4337E+00 8.4649E-01
1.3557E-02 1.6122E-02 1.7497E-02 1.8780E-02 2.0682E-02 2.2333E-02 2.3428E-02 2.5901E-02 2.7742E-02 2.9726E-02 3.1271E-02 3.2463E-02 3.3787E-02 3.4422E-02 3.6732E-02 3.7812E-02 4.0603E-02 4.2511E-02 4.5658E-02 4.6130E-02 5.1882E-02 5.5149E-02 5.7351E-02 5.9872E-02 6.3867E-02 6.6340E-02 7.0157E-02 7.8617E-02 8.3554E-02 8.6739E-02 9.0188E-02 9.8861E-02 1.1068E-01 1.1854E-01 1.3107E-01 1.4350E-01 1.5533E-01 1.7169E-01 1.8920E-01 2.1244E-01 2.2992E-01 2.9530E-01 3.8409E-01 5.1980E-01 7.2488E-01 1.2093E+00 2.2160E+00 4.3634E+00 1.0389E+01 2.4548E+01 7.4079E+01 8.5242E+01 1.8641E+01 7.6957E+00 2.7139E+00 1.3081E+00 7.5992E-01
1.4662E-02 1.7465E-02 1.9666E-02 2.1135E-02 2.2645E-02 2.4607E-02 2.6294E-02 2.7348E-02 2.9716E-02 2.9983E-02 3.1445E-02 3.2376E-02 3.4942E-02 3.7545E-02 3.8332E-02 3.9653E-02 4.1932E-02 4.4526E-02 4.5323E-02 4.8874E-02 5.0949E-02 5.7337E-02 5.9888E-02 6.4986E-02 7.0797E-02 7.9252E-02 8.8704E-02 9.2275E-02 8.9743E-02 1.0022E-01 1.0294E-01 1.0786E-01 1.1449E-01 1.2174E-01 1.3137E-01 1.4451E-01 1.5712E-01 1.7974E-01 2.0743E-01 2.2791E-01 2.7020E-01 3.3299E-01 4.6317E-01 6.9339E-01 1.0488E+00 1.7031E+00 3.2468E+00 5.4496E+00 8.9563E+00 1.5620E+01 2.2624E+01 2.3522E+01 1.2887E+01 5.6279E+00 2.8041E+00 1.8564E+00 9.6900E-01
1.4895E-02 1.7634E-02 2.0186E-02 2.1723E-02 2.3176E-02 2.5075E-02 2.7132E-02 2.8764E-02 2.9709E-02 3.1449E-02 3.2135E-02 3.4967E-02 3.6405E-02 3.7346E-02 3.8265E-02 4.0485E-02 4.3282E-02 4.5363E-02 4.7920E-02 5.1670E-02 5.4572E-02 5.9184E-02 6.2824E-02 6.9321E-02 7.4694E-02 8.0838E-02 8.5478E-02 8.8902E-02 9.4700E-02 1.0403E-01 1.0962E-01 1.1289E-01 1.2035E-01 1.3301E-01 1.4363E-01 1.6149E-01 1.7490E-01 2.0412E-01 2.3500E-01 3.0122E-01 3.6061E-01 4.4055E-01 5.6945E-01 8.5412E-01 1.4129E+00 1.9286E+00 2.8519E+00 4.4839E+00 6.4506E+00 8.5141E+00 9.8814E+00 9.9663E+00 7.6387E+00 4.2497E+00 2.4313E+00 1.2725E+00 8.4505E-01
1.5749E-02 1.8388E-02 2.0563E-02 2.2894E-02 2.4443E-02 2.5856E-02 2.9855E-02 2.9778E-02 3.0967E-02 3.2909E-02 3.4614E-02 3.5358E-02 3.5900E-02 4.0385E-02 4.1644E-02 4.4394E-02 4.7427E-02 5.1222E-02 5.5229E-02 5.8426E-02 6.0768E-02 6.3206E-02 6.5521E-02 7.2009E-02 7.8082E-02 8.3044E-02 8.9785E-02 9.3152E-02 1.0258E-01 1.0762E-01 1.1146E-01 1.2208E-01 1.3631E-01 1.5656E-01 1.6844E-01 1.8659E-01 2.1601E-01 2.7652E-01 3.1658E-01 3.6301E-01 4.4396E-01 5.7517E-01 7.7421E-01 9.7973E-01 1.2569E+00 1.6518E+00 2.4108E+00 3.2350E+00 4.2542E+00 5.1272E+00 4.8781E+00 4.9561E+00 4.5681E+00 3.0350E+00 1.7975E+00 1.2044E+00 7.3670E-01
1.5744E-02 1.8020E-02 1.9929E-02 2.2550E-02 2.5312E-02 2.8395E-02 2.8642E-02 3.1367E-02 3.1716E-02 3.2561E-02 3.4127E-02 3.5989E-02 3.8304E-02 4.0387E-02 4.3278E-02 4.7634E-02 5.0177E-02 5.3962E-02 5.7487E-02 5.9807E-02 6.3585E-02 6.6928E-02 7.4147E-02 7.8894E-02 8.1127E-02 8.4465E-02 9.2114E-02 9.8741E-02 1.0901E-01 1.1970E-01 1.3369E-01 1.5004E-01 1.6650E-01 1.8948E-01 2.1926E-01 2.5013E-01 2.9080E-01 3.3583E-01 3.8289E-01 4.6704E-01 5.1994E-01 6.5539E-01 7.1682E-01 8.4113E-01 1.0942E+00 1.5223E+00 1.8864E+00 2.4495E+00 2.9511E+00 3.0797E+00 2.9541E+00 2.9014E+00 2.6688E+00 2.1121E+00 1.4127E+00 9.9793E-01 7.2366E-01
1.6491E-02 1.8642E-02 2.1009E-02 2.2470E-02 2.5162E-02 2.6989E-02 2.8532E-02 3.2284E-02 3.2665E-02 3.3651E-02 3.7385E-02 3.7390E-02 4.0322E-02 4.3815E-02 4.7092E-02 5.0999E-02 5.1536E-02 5.4600E-02 5.6308E-02 6.0531E-02 7.0902E-02 7.3182E-02 7.7877E-02 8.7343E-02 9.6298E-02 1.0045E-01 1.0747E-01 1.1522E-01 1.3148E-01 1.4116E-01 1.5856E-01 1.7173E-01 1.8983E-01 2.2276E-01 2.7675E-01 3.1753E-01 3.4825E-01 4.1109E-01 4.4696E-01 5.3172E-01 5.4022E-01 6.0176E-01 7.0068E-01 8.4412E-01 1.0577E+00 1.2867E+00 1.5621E+00 1.8064E+00 2.1570E+00 2.1140E+00 1.9558E+00 1.8631E+00 1.7271E+00 1.5683E+00 1.2042E+00 8.4757E-01 6.5369E-01
1.5877E-02 1.8991E-02 2.1640E-02 2.3483E-02 2.4182E-02 2.6417E-02 2.7421E-02 3.0011E-02 3.1269E-02 3.2796E-02 3.5611E-02 3.7371E-02 4.0842E-02 4.5678E-02 4.8854E-02 5.1492E-02 5.3711E-02 6.0933E-02 6.7140E-02 7.2605E-02 7.7323E-02 8.1330E-02 8.6451E-02 9.7338E-02 1.0151E-01 1.1211E-01 1.1966E-01 1.3120E-01 1.5251E-01 1.6353E-01 1.7719E-01 2.0929E-01 2.3404E-01 2.6912E-01 3.0243E-01 3.6480E-01 4.1325E-01 4.4420E-01 4.2483E-01 4.7110E-01 5.4754E-01 5.9300E-01 7.1671E-01 7.8584E-01 9.1594E-01 1.1484E+00 1.2714E+00 1.4758E+00 1.5258E+00 1.4920E+00 1.3701E+00 1.3006E+00 1.2345E+00 1.1574E+00 1.0203E+00 7.6865E-01 6.0358E-01
1.6524E-02 1.9318E-02 2.0894E-02 2.3016E-02 2.4884E-02 2.7639E-02 2.9510E-02 2.9939E-02 3.2540E-02 3.5641E-02 3.9806E-02 4.1688E-02 4.3904E-02 4.8694E-02 5.1648E-02 5.7728E-02 6.3662E-02 6.7570E-02 7.4307E-02 8.0358E-02 8.7752E-02 9.3971E-02 9.9277E-02 1.0713E-01 1.1458E-01 1.2482E-01 1.3774E-01 1.5015E-01 1.6495E-01 1.8454E-01 2.0667E-01 2.3441E-01 2.7568E-01 3.3588E-01 3.5373E-01 3.7668E-01 4.1501E-01 4.4857E-01 4.6846E-01 5.0066E-01 5.3075E-01 6.4093E-01 6.5914E-01 7.1532E-01 8.5827E-01 9.6880E-01 1.0879E+00 1.1832E+00 1.2403E+00 1.0888E+00 1.0256E+00 1.0148E+00 9.7002E-01 8.7135E-01 8.7630E-01 7.2968E-01 5.7376E-01
1.7068E-02 2.0078E-02 2.2701E-02 2.3516E-02 2.6015E-02 2.7010E-02 3.0291E-02 3.2658E-02 3.5489E-02 3.7703E-02 4.1017E-02 4.6221E-02 4.9085E-02 5.2567E-02 5.7629E-02 6.5823E-02 7.0425E-02 7.6979E-02 8.5080E-02 9.0836E-02 9.6362E-02 1.0390E-01 1.0996E-01 1.1426E-01 1.2457E-01 1.3573E-01 1.4640E-01 1.6599E-01 1.7600E-01 2.0087E-01 2.4539E-01 2.8807E-01 3.1180E-01 3.1061E-01 3.6722E-01 4.1438E-01 4.0568E-01 4.6456E-01 4.7236E-01 5.2252E-01 5.5870E-01 5.8406E-01 6.0834E-01 6.8490E-01 7.7800E-01 8.3187E-01 9.3333E-01 1.0446E+00 1.0746E+00 8.2328E-01 8.3496E-01 8.3772E-01 7.9380E-01 7.3088E-01 7.4105E-01 6.5586E-01 5.3491E-01
1.7267E-02 2.0823E-02 2.3145E-02 2.5526E-02 2.7192E-02 3.1741E-02 3.2550E-02 3.5387E-02 3.8098E-02 4.0783E-02 4.5518E-02 4.8750E-02 5.3880E-02 5.9947E-02 6.6591E-02 7.0207E-02 7.7117E-02 8.4311E-02 8.8513E-02 9.5713E-02 1.0442E-01 1.1135E-01 1.2067E-01 1.3049E-01 1.4411E-01 1.5637E-01 1.6998E-01 1.9224E-01 2.2212E-01 2.4359E-01 2.6589E-01 2.7674E-01 3.1758E-01 3.5775E-01 3.8430E-01 4.0994E-01 4.3340E-01 4.4332E-01 5.1191E-01 5.0912E-01 5.0471E-01 5.5452E-01 5.6911E-01 6.6341E-01 6.9735E-01 7.6375E-01 8.2689E-01 8.9111E-01 8.8825E-01 7.3349E-01 7.0431E-01 7.5089E-01 7.0662E-01 6.1619E-01 6.3756E-01 6.4088E-01 5.7969E-01
1.8536E-02 2.2154E-02 2.6021E-02 2.9175E-02 3.2234E-02 3.3661E-02 3.8403E-02 4.2107E-02 4.3708E-02 4.6398E-02 4.8779E-02 5.3485E-02 5.8322E-02 6.5040E-02 7.2545E-02 7.7263E-02 8.3347E-02 9.1054E-02 9.7637E-02 1.0522E-01 1.1118E-01 1.2178E-01 1.3472E-01 1.4602E-01 1.5327E-01 1.8793E-01 2.0570E-01 2.1617E-01 2.3160E-01 2.4322E-01 2.7065E-01 3.1874E-01 3.4960E-01 3.5897E-01 3.8365E-01 4.2026E-01 4.4718E-01 4.8001E-01 4.5716E-01 4.2632E-01 5.0057E-01 5.3507E-01 5.7990E-01 6.0192E-01 6.7295E-01 6.9881E-01 7.6844E-01 7.7227E-01 7.4670E-01 6.3198E-01 6.6292E-01 6.9652E-01 6.4229E-01 5.8608E-01 5.8394E-01 5.8353E-01 5.6128E-01
1.8986E-02 2.2957E-02 2.6682E-02 3.1865E-02 3.5794E-02 4.0275E-02 4.3417E-02 4.6582E-02 5.0391E-02 5.2991E-02 5.4640E-02 6.0497E-02 6.7322E-02 7.3519E-02 7.9465E-02 8.8364E-02 9.1169E-02 9.8017E-02 1.0320E-01 1.1406E-01 1.2351E-01 1.3112E-01 1.4607E-01 1.6993E-01 1.8079E-01 1.9951E-01 2.0773E-01 2.2411E-01 2.3893E-01 2.7730E-01 3.0758E-01 2.9339E-01 3.3913E-01 3.8468E-01 4.1113E-01 4.5436E-01 4.4831E-01 4.2582E-01 4.2120E-01 4.3985E-01 4.8128E-01 5.3343E-01 5.5997E-01 5.9621E-01 6.0085E-01 6.3242E-01 6.8816E-01 6.8321E-01 6.2501E-01 5.9014E-01 6.1055E-01 6.3531E-01 5.9025E-01 5.4598E-01 5.2326E-01 5.1749E-01 4.9681E-01
2.1969E-02 2.6942E-02 3.1263E-02 3.7471E-02 4.1468E-02 4.5336E-02 4.4626E-02 5.0630E-02 5.5537E-02 6.1840E-02 6.6113E-02 7.5334E-02 7.9332E-02 8.2287E-02 8.5178E-02 9.2307E-02 1.0036E-01 1.0871E-01 1.1792E-01 1.2572E-01 1.3477E-01 1.5510E-01 1.6640E-01 1.7214E-01 1.8374E-01 1.9681E-01 2.1671E-01 2.4450E-01 2.7037E-01 2.8374E-01 2.8361E-01 3.2585E-01 3.5329E-01 4.0168E-01 4.1868E-01 4.1410E-01 4.0730E-01 4.1915E-01 3.9586E-01 4.4799E-01 4.8421E-01 5.0985E-01 5.0703E-01 5.3416E-01 5.5027E-01 6.0213E-01 6.0966E-01 5.7609E-01 5.3181E-01 5.4158E-01 5.6569E-01 5.8941E-01 5.4540E-01 4.8372E-01 4.8294E-01 4.6008E-01 4.7596E-01
2.4247E-02 3.0204E-02 3.4345E-02 3.7880E-02 4.3704E-02 4.7117E-02 5.3675E-02 6.0003E-02 6.5847E-02 7.3355E-02 7.7501E-02 8.0082E-02 8.6796E-02 9.1297E-02 9.7657E-02 1.0983E-01 1.1420E-01 1.2011E-01 1.2683E-01 1.3533E-01 1.4685E-01 1.5611E-01 1.6467E-01 1.7755E-01 1.9731E-01 2.1275E-01 2.3644E-01 2.5292E-01 2.5746E-01 2.7344E-01 2.9889E-01 3.3235E-01 3.7091E-01 3.8201E-01 3.7211E-01 3.8501E-01 4.1013E-01 3.7892E-01 4.2802E-01 4.4026E-01 4.6030E-01 4.5168E-01 4.9207E-01 5.1267E-01 5.2878E-01 5.7756E-01 5.3078E-01 4.8949E-01 4.8052E-01 4.9832E-01 5.0575E-01 5.3831E-01 5.0690E-01 4.5444E-01 4.4763E-01 4.3779E-01 4.2207E-01
2.5095E-02 3.2463E-02 3.9794E-02 4.6413E-02 5.2545E-02 5.8622E-02 6.3046E-02 7.0254E-02 7.4485E-02 8.2689E-02 8.0847E-02 8.6331E-02 9.4599E-02 1.0600E-01 1.0992E-01 1.1662E-01 1.1915E-01 1.2464E-01 1.3176E-01 1.4034E-01 1.4863E-01 1.6187E-01 1.7784E-01 1.8211E-01 2.0246E-01 2.2202E-01 2.2103E-01 2.3827E-01 2.6383E-01 3.0353E-01 3.2699E-01 3.5994E-01 3.6052E-01 3.3703E-01 3.3653E-01 3.9068E-01 3.6991E-01 4.1632E-01 4.2371E-01 4.2503E-01 4.2350E-01 4.5998E-01 4.5957E-01 4.8029E-01 5.2752E-01 5.1516E-01 4.7587E-01 4.4880E-01 4.5606E-01 4.6220E-01 4.6784E-01 5.0088E-01 4.7703E-01 4.1580E-01 4.0638E-01 4.1311E-01 3.9433E-01
3.0437E-02 3.9446E-02 4.5333E-02 5.4324E-02 5.9455E-02 6.5558E-02 7.2171E-02 7.3708E-02 7.8249E-02 8.3069E-02 8.9643E-02 9.4374E-02 9.8140E-02 1.0866E-01 1.1194E-01 1.1785E-01 1.2068E-01 1.3348E-01 1.4257E-01 1.4880E-01 1.5766E-01 1.6369E-01 1.8184E-01 1.9643E-01 2.0805E-01 2.1115E-01 2.3678E-01 2.6294E-01 2.9414E-01 3.0153E-01 3.3635E-01 3.4213E-01 3.1473E-01 3.2217E-01 3.6170E-01 3.7059E-01 4.0403E-01 4.0126E-01 3.8866E-01 4.0928E-01 4.1417E-01 4.3179E-01 4.4882E-01 4.8886E-01 5.0429E-01 4.6688E-01 4.3242E-01 4.0954E-01 4.3006E-01 4.3026E-01 4.2862E-01 4.6143E-01 4.5826E-01 3.8910E-01 3.7248E-01 3.7788E-01 3.7727E-01
3.4604E-02 4.4681E-02 5.1981E-02 5.9955E-02 6.3544E-02 6.9298E-02 7.3354E-02 7.9733E-02 8.1087E-02 8.5938E-02 8.9842E-02 1.0078E-01 1.0216E-01 1.1188E-01 1.1653E-01 1.2300E-01 1.3246E-01 1.4050E-01 1.4759E-01 1.4903E-01 1.6193E-01 1.7531E-01 1.8896E-01 1.9333E-01 2.0994E-01 2.2878E-01 2.6370E-01 2.7012E-01 2.9101E-01 3.0626E-01 3.2077E-01 2.9576E-01 2.9659E-01 3.4753E-01 3.5426E-01 3.8758E-01 3.9963E-01 3.8302E-01 4.0175E-01 3.8989E-01 4.1709E-01 4.2306E-01 4.1114E-01 4.6512E-01 4.6497E-01 4.2718E-01 4.0873E-01 3.7162E-01 4.0051E-01 4.0085E-01 4.1739E-01 4.5267E-01 4.0663E-01 3.5206E-01 3.6364E-01 3.6038E-01 3.4430E-01
3.6207E-02 4.4527E-02 5.2393E-02 6.0199E-02 6.7625E-02 7.3398E-02 7.9503E-02 8.3491E-02 8.4176E-02 9.0188E-02 9.4901E-02 1.0480E-01 1.0875E-01 1.1345E-01 1.1741E-01 1.2560E-01 1.3884E-01 1.4214E-01 1.4985E-01 1.6224E-01 1.7472E-01 1.7978E-01 1.8102E-01 2.0499E-01 2.2692E-01 2.5154E-01 2.5509E-01 2.7764E-01 3.0081E-01 2.9235E-01 2.6941E-01 2.9004E-01 3.2335E-01 3.2661E-01 3.6677E-01 3.7858E-01 3.7211E-01 3.6784E-01 3.6034E-01 3.9663E-01 3.9769E-01 4.1632E-01 4.2248E-01 4.4496E-01 4.2625E-01 3.9434E-01 3.9640E-01 3.6421E-01 3.8439E-01 3.7773E-01 3.8812E-01 4.3111E-01 3.8947E-01 3.4671E-01 3.3064E-01 3.3133E-01 3.3625E-01
3.7444E-02 4.7676E-02 5.8018E-02 6.3928E-02 7.0675E-02 7.8509E-02 8.2358E-02 8.3464E-02 9.0931E-02 9.5994E-02 1.0090E-01 1.0466E-01 1.0525E-01 1.1356E-01 1.2707E-01 1.3741E-01 1.3989E-01 1.4577E-01 1.5348E-01 1.6240E-01 1.6379E-01 1.7627E-01 1.9830E-01 2.2213E-01 2.4006E-01 2.4355E-01 2.7109E-01 2.8920E-01 2.6811E-01 2.6376E-01 2.7662E-01 3.0470E-01 3.0662E-01 3.3588E-01 3.6546E-01 3.4779E-01 3.5586E-01 3.3775E-01 3.6525E-01 3.6784E-01 3.7765E-01 3.9167E-01 4.1409E-01 4.2688E-01 3.8870E-01 3.7496E-01 3.3116E-01 3.5622E-01 3.6991E-01 3.5205E-01 3.8678E-01 4.2491E-01 3.6484E-01 3.2033E-01 3.1764E-01 3.1928E-01 3.0814E-01
3.9675E-02 5.2141E-02 6.2265E-02 6.9735E-02 7.5653E-02 7.9056E-02 8.5951E-02 8.9421E-02 9.3157E-02 9.6429E-02 1.0018E-01 1.0492E-01 1.1563E-01 1.2530E-01 1.2760E-01 1.3377E-01 1.4275E-01 1.4473E-01 1.5011E-01 1.5545E-01 1.7442E-01 1.9433E-01 2.1771E-01 2.3074E-01 2.4093E-01 2.6768E-01 2.7100E-01 2.4079E-01 2.5186E-01 2.6355E-01 2.8041E-01 2.9398E-01 3.0793E-01 3.4278E-01 3.3317E-01 3.2890E-01 3.3341E-01 3.3510E-01 3.5162E-01 3.6767E-01 3.7699E-01 3.6316E-01 3.8833E-01 3.8546E-01 3.5980E-01 3.5969E-01 3.1362E-01 3.3391E-01 3.3476E-01 3.3261E-01 3.7076E-01 3.9609E-01 3.6491E-01 3.1632E-01 3.1150E-01 2.8958E-01 2.8350E-01
4.1567E-02 5.4882E-02 6.4416E-02 7.1757E-02 7.7760E-02 8.1276E-02 8.5388E-02 9.0630E-02 9.3777E-02 9.7313E-02 1.0698E-01 1.1077E-01 1.1577E-01 1.2271E-01 1.2829E-01 1.3769E-01 1.3834E-01 1.4471E-01 1.5810E-01 1.6537E-01 1.8643E-01 2.1395E-01 2.1369E-01 2.3815E-01 2.5613E-01 2.4010E-01 2.2554E-01 2.3573E-01 2.4873E-01 2.6775E-01 2.7978E-01 2.9945E-01 3.2046E-01 3.2087E-01 3.0761E-01 3.0463E-01 3.1501E-01 3.3228E-01 3.2938E-01 3.5109E-01 3.3469E-01 3.7600E-01 3.8369E-01 3.6588E-01 3.4055E-01 3.1801E-01 3.2230E-01 3.1480E-01 3.0797E-01 3.2514E-01 3.5991E-01 3.6870E-01 3.5082E-01 3.0063E-01 2.9253E-01 2.8030E-01 2.7253E-01
4.2259E-02 5.3738E-02 6.5983E-02 7.3417E-02 7.9450E-02 8.2209E-02 8.7383E-02 9.0882E-02 9.9357E-02 1.0223E-01 1.0640E-01 1.1225E-01 1.1740E-01 1.2953E-01 1.3036E-01 1.3511E-01 1.4228E-01 1.5598E-01 1.6237E-01 1.8675E-01 1.9968E-01 2.0866E-01 2.2907E-01 2.3803E-01 2.1813E-01 2.0436E-01 2.2503E-01 2.3003E-01 2.6045E-01 2.6740E-01 2.7928E-01 2.9760E-01 2.9465E-01 2.8759E-01 2.9833E-01 2.9514E-01 3.0658E-01 3.0419E-01 3.2078E-01 3.2388E-01 3.1953E-01 3.4914E-01 3.5920E-01 3.2386E-01 3.1789E-01 2.9406E-01 3.0414E-01 2.9421E-01 2.9308E-01 3.1354E-01 3.2970E-01 3.4599E-01 3.1180E-01 2.8016E-01 2.6900E-01 2.5392E-01 2.5122E-01
4.4352E-02 5.7426E-02 6.8388E-02 7.6705E-02 8.2151E-02 8.8405E-02 9.1825E-02 9.7638E-02 1.0178E-01 1.0558E-01 1.1059E-01 1.2034E-01 1.2234E-01 1.2134E-01 1.3086E-01 1.4151E-01 1.4922E-01 1.6351E-01 1.8351E-01 1.8040E-01 1.9393E-01 2.1368E-01 2.2105E-01 2.0666E-01 2.0025E-01 2.1746E-01 2.1303E-01 2.3949E-01 2.5034E-01 2.6521E-01 2.7620E-01 2.8048E-01 2.8068E-01 2.7689E-01 2.7354E-01 2.8039E-01 2.8797E-01 2.9998E-01 2.9774E-01 2.9130E-01 3.2067E-01 3.3057E-01 3.3457E-01 2.9854E-01 3.0088E-01 2.7642E-01 2.8156E-01 2.7683E-01 2.6666E-01 2.9806E-01 3.0863E-01 3.0801E-01 2.9103E-01 2.5848E-01 2.4826E-01 2.4659E-01 2.4379E-01
