inst/extdata/p98_1h_conc.grd
ncols       100
nrows       100
xllcorner      7.375160000E+05
yllcorner      5.081320000E+06
cellsize      5.000000000E+01
nodata_value         -9
[rows 25 to 49 of 100, columns 0 to 56 of 100]
2.4506E-03 2.6410E-03 2.9762E-03 3.2099E-03 3.4503E-03 3.6132E-03 3.7888E-03 3.9544E-03 4.1817E-03 4.2569E-03 4.4580E-03 4.6282E-03 4.8459E-03 5.0154E-03 5.1249E-03 5.2627E-03 5.3498E-03 5.5239E-03 5.5132E-03 5.8583E-03 6.0208E-03 6.2036E-03 6.2321E-03 6.4801E-03 6.6208E-03 6.7299E-03 6.9201E-03 6.9841E-03 7.1093E-03 7.3357E-03 7.5604E-03 7.7741E-03 7.8720E-03 8.0460E-03 8.0607E-03 8.2941E-03 8.4857E-03 8.8094E-03 9.1513E-03 9.3438E-03 9.5022E-03 9.9308E-03 1.0299E-02 1.0595E-02 1.1041E-02 1.1265E-02 1.1948E-02 1.2221E-02 1.2349E-02 1.2691E-02 1.2318E-02 1.2507E-02 1.3278E-02 1.4432E-02 1.3921E-02 1.3882E-02 1.4221E-02
2.5558E-03 2.8191E-03 3.1657E-03 3.4524E-03 3.5971E-03 3.9592E-03 4.1926E-03 4.2454E-03 4.2307E-03 4.4909E-03 4.7345E-03 4.8883E-03 5.2119E-03 5.4559E-03 5.6876E-03 5.9073E-03 6.0231E-03 6.0363E-03 6.0798E-03 6.2137E-03 6.4972E-03 6.6420E-03 6.7269E-03 6.9051E-03 7.1168E-03 7.2131E-03 7.2234E-03 7.3695E-03 7.6583E-03 8.0796E-03 8.2681E-03 8.3114E-03 8.4577E-03 8.5569E-03 8.6237E-03 8.7937E-03 9.0903E-03 9.1458E-03 9.7879E-03 1.0028E-02 1.0341E-02 1.0673E-02 1.0938E-02 1.1478E-02 1.1958E-02 1.1880E-02 1.2576E-02 1.2821E-02 1.3907E-02 1.3486E-02 1.3907E-02 1.3519E-02 1.4323E-02 1.5245E-02 1.5481E-02 1.5047E-02 1.5208E-02
2.6895E-03 2.9836E-03 3.3162E-03 3.5606E-03 3.8108E-03 4.0343E-03 4.3147E-03 4.4378E-03 4.6286E-03 4.7935E-03 5.2275E-03 5.2139E-03 5.4403E-03 5.6985E-03 5.9186E-03 6.2243E-03 6.7050E-03 6.6329E-03 6.6930E-03 6.7721E-03 7.0726E-03 7.2188E-03 7.2427E-03 7.3459E-03 7.5199E-03 7.6967E-03 7.9557E-03 8.1715E-03 8.4376E-03 8.6563E-03 8.8039E-03 9.0146E-03 9.2287E-03 9.1838E-03 9.1343E-03 9.2723E-03 9.4777E-03 9.8369E-03 1.0353E-02 1.0660E-02 1.0975E-02 1.1384E-02 1.1928E-02 1.2245E-02 1.2825E-02 1.2673E-02 1.3327E-02 1.3722E-02 1.3815E-02 1.4773E-02 1.5304E-02 1.4903E-02 1.5600E-02 1.6167E-02 1.5890E-02 1.6179E-02 1.6982E-02
3.0183E-03 3.2468E-03 3.4864E-03 3.7117E-03 3.9420E-03 4.3903E-03 4.5379E-03 4.8027E-03 4.9007E-03 5.1748E-03 5.4207E-03 5.6436E-03 5.7703E-03 5.9831E-03 6.3117E-03 6.5551E-03 7.1510E-03 7.2152E-03 7.1559E-03 7.3420E-03 7.7126E-03 7.6060E-03 7.6852E-03 7.9164E-03 8.3068E-03 8.4239E-03 8.3888E-03 8.5505E-03 8.8143E-03 9.2589E-03 9.3344E-03 9.7642E-03 1.0131E-02 9.7635E-03 9.9439E-03 9.9445E-03 1.0422E-02 1.0681E-02 1.1089E-02 1.1241E-02 1.1676E-02 1.1909E-02 1.2990E-02 1.3419E-02 1.3455E-02 1.3674E-02 1.4289E-02 1.4799E-02 1.5012E-02 1.5840E-02 1.6906E-02 1.6275E-02 1.7516E-02 1.7936E-02 1.7838E-02 1.7739E-02 1.8853E-02
3.1655E-03 3.4362E-03 3.6939E-03 3.9831E-03 4.2771E-03 4.5350E-03 4.8454E-03 5.0531E-03 5.1782E-03 5.4400E-03 5.7558E-03 6.0699E-03 6.2900E-03 6.6083E-03 6.7657E-03 7.0215E-03 7.2683E-03 7.7289E-03 8.0789E-03 8.2561E-03 8.2446E-03 8.1933E-03 8.4295E-03 8.5837E-03 8.9714E-03 9.0451E-03 9.3145E-03 9.5511E-03 9.6907E-03 1.0038E-02 1.0357E-02 1.0967E-02 1.0883E-02 1.0792E-02 1.0732E-02 1.0782E-02 1.1292E-02 1.1942E-02 1.2309E-02 1.2790E-02 1.2805E-02 1.3022E-02 1.4192E-02 1.4919E-02 1.4890E-02 1.5278E-02 1.5750E-02 1.5856E-02 1.6255E-02 1.7448E-02 1.8148E-02 1.8396E-02 1.9209E-02 1.9301E-02 1.8640E-02 1.9335E-02 2.0372E-02
3.3729E-03 3.5804E-03 3.9024E-03 4.1313E-03 4.5008E-03 4.9604E-03 5.0763E-03 5.2443E-03 5.3828E-03 5.5927E-03 5.8519E-03 6.1550E-03 6.4611E-03 6.8495E-03 7.1316E-03 7.4745E-03 7.8265E-03 8.0915E-03 8.5074E-03 8.7104E-03 8.8023E-03 8.7691E-03 8.9709E-03 9.2129E-03 9.3855E-03 9.8187E-03 1.0032E-02 1.0099E-02 1.0367E-02 1.0759E-02 1.1432E-02 1.1845E-02 1.1675E-02 1.1985E-02 1.1853E-02 1.1908E-02 1.2415E-02 1.2769E-02 1.3239E-02 1.3920E-02 1.4462E-02 1.4073E-02 1.4858E-02 1.5460E-02 1.5869E-02 1.6455E-02 1.6920E-02 1.7609E-02 1.7760E-02 1.8370E-02 1.9738E-02 1.9798E-02 2.0268E-02 1.9476E-02 2.0191E-02 2.1132E-02 2.2372E-02
3.5595E-03 3.8882E-03 4.1846E-03 4.5823E-03 4.9304E-03 5.3522E-03 5.6636E-03 5.7964E-03 5.8556E-03 6.1596E-03 6.3449E-03 6.6016E-03 6.7527E-03 6.9285E-03 7.3670E-03 7.9786E-03 8.1228E-03 8.4599E-03 8.8261E-03 9.2157E-03 9.4000E-03 9.8609E-03 9.8754E-03 9.7970E-03 9.7899E-03 1.0338E-02 1.0759E-02 1.1124E-02 1.1275E-02 1.1767E-02 1.2181E-02 1.2515E-02 1.2540E-02 1.3030E-02 1.2971E-02 1.2961E-02 1.3586E-02 1.3647E-02 1.4409E-02 1.5764E-02 1.5813E-02 1.5148E-02 1.5852E-02 1.6654E-02 1.7716E-02 1.7659E-02 1.7896E-02 1.8781E-02 1.8985E-02 1.9823E-02 2.0713E-02 2.0936E-02 2.1282E-02 2.0589E-02 2.2420E-02 2.3173E-02 2.3944E-02
3.7665E-03 3.9884E-03 4.4240E-03 4.6688E-03 5.1075E-03 5.3505E-03 5.8788E-03 6.3051E-03 6.4721E-03 6.4066E-03 6.6127E-03 6.9353E-03 7.5726E-03 7.3352E-03 7.6180E-03 8.5438E-03 8.9411E-03 9.1080E-03 9.0730E-03 9.5230E-03 9.9924E-03 1.0473E-02 1.0426E-02 1.0601E-02 1.0716E-02 1.0717E-02 1.1523E-02 1.1749E-02 1.2051E-02 1.2384E-02 1.2929E-02 1.3258E-02 1.3362E-02 1.4171E-02 1.3868E-02 1.4068E-02 1.4771E-02 1.4808E-02 1.5673E-02 1.6334E-02 1.7576E-02 1.7456E-02 1.8368E-02 1.8215E-02 1.9059E-02 1.9113E-02 1.9138E-02 2.0686E-02 2.0991E-02 2.1467E-02 2.1714E-02 2.2891E-02 2.2741E-02 2.3970E-02 2.4584E-02 2.5589E-02 2.6155E-02
3.9653E-03 4.3402E-03 4.6040E-03 4.9274E-03 5.3544E-03 5.7803E-03 6.0575E-03 6.4655E-03 6.8276E-03 6.8734E-03 6.8306E-03 7.3887E-03 7.5156E-03 8.0578E-03 8.7229E-03 9.2022E-03 9.3606E-03 9.7155E-03 9.7341E-03 1.0142E-02 1.0824E-02 1.1180E-02 1.1228E-02 1.1262E-02 1.1565E-02 1.1764E-02 1.2103E-02 1.2666E-02 1.2969E-02 1.3177E-02 1.3230E-02 1.3773E-02 1.4059E-02 1.4578E-02 1.5107E-02 1.5099E-02 1.5729E-02 1.6262E-02 1.7221E-02 1.7642E-02 1.8530E-02 1.9418E-02 1.9370E-02 2.0728E-02 2.0567E-02 2.0972E-02 2.0876E-02 2.2810E-02 2.4047E-02 2.3783E-02 2.4324E-02 2.4789E-02 2.5117E-02 2.6201E-02 2.7027E-02 2.8007E-02 2.8858E-02
4.0543E-03 4.4079E-03 4.7635E-03 5.1134E-03 5.6133E-03 6.1494E-03 6.6193E-03 6.8143E-03 7.0053E-03 7.0632E-03 7.4047E-03 7.6639E-03 7.7405E-03 7.9260E-03 8.9374E-03 9.7384E-03 1.0215E-02 1.0263E-02 1.0431E-02 1.0954E-02 1.1798E-02 1.1892E-02 1.2168E-02 1.2566E-02 1.2481E-02 1.2714E-02 1.2808E-02 1.3337E-02 1.3646E-02 1.4208E-02 1.4523E-02 1.4689E-02 1.5242E-02 1.5780E-02 1.6284E-02 1.6636E-02 1.6866E-02 1.7888E-02 1.8866E-02 1.9702E-02 2.0064E-02 2.0604E-02 2.1636E-02 2.1784E-02 2.2276E-02 2.2803E-02 2.3277E-02 2.4544E-02 2.6692E-02 2.6578E-02 2.7084E-02 2.7095E-02 2.7952E-02 2.8974E-02 2.8594E-02 2.9897E-02 3.1127E-02
4.2361E-03 4.5352E-03 5.0069E-03 5.3842E-03 5.7924E-03 6.3937E-03 6.6473E-03 7.0948E-03 7.3494E-03 7.5995E-03 8.1227E-03 8.1868E-03 8.3435E-03 9.0155E-03 9.3793E-03 9.8879E-03 1.0438E-02 1.1059E-02 1.1275E-02 1.1330E-02 1.2307E-02 1.3092E-02 1.3524E-02 1.3498E-02 1.3627E-02 1.3921E-02 1.4194E-02 1.4421E-02 1.4689E-02 1.5069E-02 1.5309E-02 1.5612E-02 1.6051E-02 1.7008E-02 1.7883E-02 1.8070E-02 1.8859E-02 1.9518E-02 2.0480E-02 2.0721E-02 2.2720E-02 2.2544E-02 2.3372E-02 2.3395E-02 2.4441E-02 2.4907E-02 2.5108E-02 2.6677E-02 2.8201E-02 2.8877E-02 2.9610E-02 3.1895E-02 3.1590E-02 3.1671E-02 3.2256E-02 3.3259E-02 3.3793E-02
4.5264E-03 4.8767E-03 5.2196E-03 5.7205E-03 6.2881E-03 6.5856E-03 7.2169E-03 7.5840E-03 7.5973E-03 7.8166E-03 8.4822E-03 8.7867E-03 9.2144E-03 9.4577E-03 1.0074E-02 1.0625E-02 1.0961E-02 1.1411E-02 1.1865E-02 1.2496E-02 1.3218E-02 1.3581E-02 1.4081E-02 1.4328E-02 1.4780E-02 1.5190E-02 1.5529E-02 1.5477E-02 1.6021E-02 1.6271E-02 1.6469E-02 1.6527E-02 1.7235E-02 1.8408E-02 1.9202E-02 2.0073E-02 2.0401E-02 2.0946E-02 2.2567E-02 2.3394E-02 2.5322E-02 2.6231E-02 2.5725E-02 2.6872E-02 2.6639E-02 2.7109E-02 2.7232E-02 2.9729E-02 3.0155E-02 3.1582E-02 3.2175E-02 3.4427E-02 3.5124E-02 3.4862E-02 3.6200E-02 3.8047E-02 3.9077E-02
4.7549E-03 5.2192E-03 5.6997E-03 6.0142E-03 6.5419E-03 7.1843E-03 7.5794E-03 8.0114E-03 8.3348E-03 8.5916E-03 8.8000E-03 9.3094E-03 9.6371E-03 9.9073E-03 1.0927E-02 1.1291E-02 1.1443E-02 1.2299E-02 1.3053E-02 1.3483E-02 1.3482E-02 1.4522E-02 1.5008E-02 1.5499E-02 1.5484E-02 1.6528E-02 1.6115E-02 1.6899E-02 1.7063E-02 1.7365E-02 1.8081E-02 1.8692E-02 1.8727E-02 1.9252E-02 2.1162E-02 2.1600E-02 2.2279E-02 2.3389E-02 2.4488E-02 2.5629E-02 2.6605E-02 2.7232E-02 2.8195E-02 2.9652E-02 2.9237E-02 3.0156E-02 3.0765E-02 3.2423E-02 3.3368E-02 3.4020E-02 3.5183E-02 3.7261E-02 3.8531E-02 3.9220E-02 3.9758E-02 4.4025E-02 3.9794E-02
4.9591E-03 5.3467E-03 5.7235E-03 6.4506E-03 7.0457E-03 7.7893E-03 8.1867E-03 8.8458E-03 9.3317E-03 9.2380E-03 9.5196E-03 9.6976E-03 1.0237E-02 1.0640E-02 1.1327E-02 1.2462E-02 1.2896E-02 1.3403E-02 1.4162E-02 1.4029E-02 1.4765E-02 1.6199E-02 1.6567E-02 1.6998E-02 1.7245E-02 1.6994E-02 1.7622E-02 1.7487E-02 1.8205E-02 1.8901E-02 1.8885E-02 2.0541E-02 2.0722E-02 2.1369E-02 2.1493E-02 2.3149E-02 2.3582E-02 2.5341E-02 2.4695E-02 2.6427E-02 2.8373E-02 2.9854E-02 3.0190E-02 3.2575E-02 3.3602E-02 3.4630E-02 3.4854E-02 3.6979E-02 3.7575E-02 3.9271E-02 4.0357E-02 4.1842E-02 4.3400E-02 4.3540E-02 4.6732E-02 4.9799E-02 4.7923E-02
5.2989E-03 5.7321E-03 6.3416E-03 7.2687E-03 7.9120E-03 8.4014E-03 9.1030E-03 9.4819E-03 9.8818E-03 1.0369E-02 1.0738E-02 1.1112E-02 1.1477E-02 1.1645E-02 1.1986E-02 1.2184E-02 1.3218E-02 1.3966E-02 1.4428E-02 1.5726E-02 1.5405E-02 1.6177E-02 1.7110E-02 1.8130E-02 1.8012E-02 1.8415E-02 1.9450E-02 1.9725E-02 1.9407E-02 2.0302E-02 2.1465E-02 2.2723E-02 2.3163E-02 2.2995E-02 2.4981E-02 2.3963E-02 2.4782E-02 2.6382E-02 2.7580E-02 2.8431E-02 3.1016E-02 3.2275E-02 3.3120E-02 3.4922E-02 3.7833E-02 3.9589E-02 3.9925E-02 4.2602E-02 4.3934E-02 4.4453E-02 4.5017E-02 4.7215E-02 4.8564E-02 4.9084E-02 5.2274E-02 5.4252E-02 5.5577E-02
5.9688E-03 6.4655E-03 7.0781E-03 7.9581E-03 9.0064E-03 9.2622E-03 9.9515E-03 1.0274E-02 1.0636E-02 1.1098E-02 1.1216E-02 1.1858E-02 1.2082E-02 1.2069E-02 1.2288E-02 1.3227E-02 1.4143E-02 1.5018E-02 1.5559E-02 1.5708E-02 1.6111E-02 1.7084E-02 1.7585E-02 1.8079E-02 1.9054E-02 2.0455E-02 2.0225E-02 2.0890E-02 2.1145E-02 2.3363E-02 2.4936E-02 2.5302E-02 2.6273E-02 2.6677E-02 2.6438E-02 2.7373E-02 2.7959E-02 2.8839E-02 2.9942E-02 3.0024E-02 3.0327E-02 3.3936E-02 3.6809E-02 3.8571E-02 4.3024E-02 4.7669E-02 4.6979E-02 5.0339E-02 5.2224E-02 5.2536E-02 5.2685E-02 5.4476E-02 5.5552E-02 5.9194E-02 6.5700E-02 6.2507E-02 6.3885E-02
6.3285E-03 7.3058E-03 7.8500E-03 8.4104E-03 9.8414E-03 1.1062E-02 1.1852E-02 1.2228E-02 1.2606E-02 1.3098E-02 1.2878E-02 1.2779E-02 1.2861E-02 1.3064E-02 1.3632E-02 1.4000E-02 1.5203E-02 1.5966E-02 1.6214E-02 1.6980E-02 1.7610E-02 1.7981E-02 1.8378E-02 2.0247E-02 2.1058E-02 2.0722E-02 2.1394E-02 2.1504E-02 2.2181E-02 2.3341E-02 2.5418E-02 2.7194E-02 2.9297E-02 3.0737E-02 3.0134E-02 3.1237E-02 3.3494E-02 3.2205E-02 3.4102E-02 3.3839E-02 3.4226E-02 3.5239E-02 3.9415E-02 4.3234E-02 4.6274E-02 5.1187E-02 5.3978E-02 5.7576E-02 6.4054E-02 6.5518E-02 6.3567E-02 6.6455E-02 7.0375E-02 7.2422E-02 7.2052E-02 7.3660E-02 8.5972E-02
6.8484E-03 7.4293E-03 8.4221E-03 9.3611E-03 9.7968E-03 1.1119E-02 1.2132E-02 1.2421E-02 1.2852E-02 1.3626E-02 1.4501E-02 1.4857E-02 1.5171E-02 1.5381E-02 1.5874E-02 1.6595E-02 1.6911E-02 1.7314E-02 1.7784E-02 1.8324E-02 1.8959E-02 1.9315E-02 2.0330E-02 2.1246E-02 2.2850E-02 2.4652E-02 2.5196E-02 2.4378E-02 2.4792E-02 2.6862E-02 2.8617E-02 2.9687E-02 3.2201E-02 3.3916E-02 3.5148E-02 3.7709E-02 3.7724E-02 3.8683E-02 3.9772E-02 4.1710E-02 4.0349E-02 4.1707E-02 4.2375E-02 4.7197E-02 5.1479E-02 5.8774E-02 6.2995E-02 6.9849E-02 8.0414E-02 7.8384E-02 8.0223E-02 8.4989E-02 8.8352E-02 9.1253E-02 9.0437E-02 9.8215E-02 1.1029E-01
6.8050E-03 7.8395E-03 8.6400E-03 9.3561E-03 1.0420E-02 1.1929E-02 1.2404E-02 1.3351E-02 1.3901E-02 1.4115E-02 1.5170E-02 1.5498E-02 1.6646E-02 1.7919E-02 1.8862E-02 1.9049E-02 1.9209E-02 1.9883E-02 2.0427E-02 2.1995E-02 2.2907E-02 2.3182E-02 2.2176E-02 2.2943E-02 2.4663E-02 2.4745E-02 2.7279E-02 2.8098E-02 2.8667E-02 3.0367E-02 3.1764E-02 3.2416E-02 3.4398E-02 3.5957E-02 3.8314E-02 4.1527E-02 4.2012E-02 4.0738E-02 4.2574E-02 4.4712E-02 4.7135E-02 4.5565E-02 4.7519E-02 5.1591E-02 5.8042E-02 6.8029E-02 7.2820E-02 8.3912E-02 9.5180E-02 1.0397E-01 1.0587E-01 1.0808E-01 1.1003E-01 1.2664E-01 1.1948E-01 1.2758E-01 1.3285E-01
7.4731E-03 8.3078E-03 9.2415E-03 1.0227E-02 1.1163E-02 1.2099E-02 1.3034E-02 1.4273E-02 1.4957E-02 1.6071E-02 1.7131E-02 1.8108E-02 1.8960E-02 1.9175E-02 1.9176E-02 2.0936E-02 2.2032E-02 2.1675E-02 2.3267E-02 2.4122E-02 2.5326E-02 2.5545E-02 2.6354E-02 2.6510E-02 2.8225E-02 2.7464E-02 2.7942E-02 2.9195E-02 3.0204E-02 3.1327E-02 3.3561E-02 3.4873E-02 3.7289E-02 3.8875E-02 4.0039E-02 4.3500E-02 4.6878E-02 4.9706E-02 4.8318E-02 5.0329E-02 5.2847E-02 5.5394E-02 5.7553E-02 6.0431E-02 6.6284E-02 7.7200E-02 8.8631E-02 1.0628E-01 1.1757E-01 1.3765E-01 1.4010E-01 1.4679E-01 1.4765E-01 1.5413E-01 1.6219E-01 1.7953E-01 1.7211E-01
7.8344E-03 8.8938E-03 1.0084E-02 1.0879E-02 1.1791E-02 1.3870E-02 1.4913E-02 1.5738E-02 1.6641E-02 1.7997E-02 1.9808E-02 2.0427E-02 2.0855E-02 2.1401E-02 2.0852E-02 2.2667E-02 2.4104E-02 2.5142E-02 2.6398E-02 2.7237E-02 2.7466E-02 2.9284E-02 2.8708E-02 3.0798E-02 3.0232E-02 2.9439E-02 2.9857E-02 3.1031E-02 3.1803E-02 3.3291E-02 3.5534E-02 3.7486E-02 4.0285E-02 4.3193E-02 4.5013E-02 4.7982E-02 5.3228E-02 5.3151E-02 5.7054E-02 6.2339E-02 6.6160E-02 6.5902E-02 6.7940E-02 7.5074E-02 8.0527E-02 9.0929E-02 1.0856E-01 1.3385E-01 1.5081E-01 1.7071E-01 1.8496E-01 2.0742E-01 2.2457E-01 2.2024E-01 2.3705E-01 2.2719E-01 2.3609E-01
7.8150E-03 8.8599E-03 1.0062E-02 1.1062E-02 1.2030E-02 1.3123E-02 1.3620E-02 1.5576E-02 1.6858E-02 1.8098E-02 2.1074E-02 2.1877E-02 2.1741E-02 2.2028E-02 2.2411E-02 2.3242E-02 2.4594E-02 2.6202E-02 2.6470E-02 2.7639E-02 2.9139E-02 3.0387E-02 3.2718E-02 3.4559E-02 3.5029E-02 3.4056E-02 3.3775E-02 3.4539E-02 3.5144E-02 3.6577E-02 3.8578E-02 4.0684E-02 4.3209E-02 4.7376E-02 4.9455E-02 5.3164E-02 5.8815E-02 6.4223E-02 6.3373E-02 6.5003E-02 7.4584E-02 8.4090E-02 8.7912E-02 9.1355E-02 1.0238E-01 1.1294E-01 1.3622E-01 1.7024E-01 2.0814E-01 2.4352E-01 2.8635E-01 3.1095E-01 3.4550E-01 3.5155E-01 3.4572E-01 3.6017E-01 3.0729E-01
8.6500E-03 9.6952E-03 1.0876E-02 1.2491E-02 1.3822E-02 1.4378E-02 1.5466E-02 1.6844E-02 1.9076E-02 1.9903E-02 2.0755E-02 2.1375E-02 2.1387E-02 2.2442E-02 2.3796E-02 2.6096E-02 2.6853E-02 2.8524E-02 3.0555E-02 3.3033E-02 3.3265E-02 3.5110E-02 3.6431E-02 3.7881E-02 3.7702E-02 3.8342E-02 3.9651E-02 4.0617E-02 4.0168E-02 4.2408E-02 4.4605E-02 4.6905E-02 4.9331E-02 5.3242E-02 5.4101E-02 5.7780E-02 6.0885E-02 6.6522E-02 7.4324E-02 8.4012E-02 8.9269E-02 9.3935E-02 1.0412E-01 1.1030E-01 1.2803E-01 1.5294E-01 1.8263E-01 2.3371E-01 3.1235E-01 3.7745E-01 4.8900E-01 5.6818E-01 6.4018E-01 6.4959E-01 6.3079E-01 5.4564E-01 4.3446E-01
9.1326E-03 1.0970E-02 1.2216E-02 1.3229E-02 1.4391E-02 1.5382E-02 1.5976E-02 1.7975E-02 1.9835E-02 2.1371E-02 2.2497E-02 2.2877E-02 2.3456E-02 2.4960E-02 2.5567E-02 2.7406E-02 2.9527E-02 3.1286E-02 3.2463E-02 3.5270E-02 3.7414E-02 3.8158E-02 4.2350E-02 4.4929E-02 4.1771E-02 4.3827E-02 4.3282E-02 4.4719E-02 4.7623E-02 5.0092E-02 5.2447E-02 5.5842E-02 5.8103E-02 6.2216E-02 6.2622E-02 6.9759E-02 7.0053E-02 8.1243E-02 9.0518E-02 9.6518E-02 1.0689E-01 1.1074E-01 1.2621E-01 1.4664E-01 1.7992E-01 2.1217E-01 2.8210E-01 3.4086E-01 4.9988E-01 7.4729E-01 1.0470E+00 1.3878E+00 1.5759E+00 1.4590E+00 1.1561E+00 7.7135E-01 6.1061E-01
1.0344E-02 1.2137E-02 1.4035E-02 1.5425E-02 1.6180E-02 1.7622E-02 1.8104E-02 1.9342E-02 2.1676E-02 2.1475E-02 2.1428E-02 2.3354E-02 2.5234E-02 2.6865E-02 2.8019E-02 2.9245E-02 3.1142E-02 3.2323E-02 3.7756E-02 4.1692E-02 4.3161E-02 4.4822E-02 4.6619E-02 4.8817E-02 5.4078E-02 5.3398E-02 5.1402E-02 5.2085E-02 5.5590E-02 5.7299E-02 6.1304E-02 6.3574E-02 6.7587E-02 7.2561E-02 7.6901E-02 8.3365E-02 9.2935E-02 9.9938E-02 1.0566E-01 1.1671E-01 1.3924E-01 1.5268E-01 1.6983E-01 2.0312E-01 2.4043E-01 3.2327E-01 4.7067E-01 6.6452E-01 9.9208E-01 1.7711E+00 3.1660E+00 4.8371E+00 4.5987E+00 3.2143E+00 2.0085E+00 1.2870E+00 8.8541E-01
