inst/extdata/p99_1h_conc.grd
ncols       100
nrows       100
xllcorner      7.375160000E+05
yllcorner      5.081320000E+06
cellsize      5.000000000E+01
nodata_value         -9
[rows 0 to 24 of 100, columns 0 to 56 of 100]
7.9927E-04 8.5131E-04 9.4977E-04 1.0030E-03 1.0800E-03 1.1515E-03 1.2259E-03 1.2722E-03 1.3190E-03 1.3442E-03 1.3831E-03 1.4303E-03 1.5465E-03 1.6277E-03 1.6891E-03 1.6844E-03 1.7945E-03 1.9511E-03 2.0279E-03 1.9853E-03 2.1527E-03 2.2618E-03 2.2693E-03 2.3795E-03 2.3961E-03 2.4658E-03 2.4905E-03 2.5016E-03 2.5841E-03 2.5743E-03 2.6758E-03 2.7232E-03 2.8107E-03 2.8491E-03 2.9112E-03 2.9201E-03 3.0057E-03 2.9853E-03 2.9796E-03 3.0543E-03 3.1675E-03 3.1920E-03 3.3092E-03 3.5079E-03 3.7299E-03 3.7887E-03 3.8829E-03 4.3622E-03 4.3754E-03 4.3071E-03 4.2102E-03 4.3195E-03 4.6788E-03 4.5141E-03 4.6544E-03 4.6985E-03 4.6840E-03
8.7136E-04 9.5733E-04 1.0584E-03 1.1414E-03 1.1945E-03 1.2574E-03 1.3271E-03 1.3683E-03 1.4692E-03 1.5070E-03 1.5597E-03 1.6410E-03 1.7239E-03 1.8118E-03 1.8731E-03 1.9021E-03 1.9856E-03 2.1338E-03 2.2896E-03 2.3247E-03 2.3878E-03 2.4269E-03 2.4870E-03 2.5300E-03 2.5719E-03 2.6403E-03 2.6901E-03 2.7425E-03 2.8536E-03 2.8676E-03 2.8944E-03 2.9343E-03 3.0206E-03 3.1068E-03 3.1538E-03 3.3069E-03 3.4568E-03 3.4443E-03 3.5193E-03 3.6339E-03 3.7211E-03 3.8220E-03 3.9189E-03 4.0114E-03 4.0017E-03 4.0905E-03 4.4521E-03 4.7506E-03 4.8525E-03 4.8549E-03 4.8931E-03 5.1583E-03 5.1488E-03 5.1536E-03 5.1541E-03 5.2159E-03 5.3981E-03
9.9936E-04 1.0640E-03 1.1535E-03 1.2139E-03 1.2742E-03 1.3899E-03 1.4743E-03 1.5766E-03 1.6553E-03 1.6927E-03 1.7901E-03 1.8555E-03 1.9259E-03 1.9826E-03 2.0081E-03 2.0976E-03 2.1733E-03 2.3594E-03 2.4469E-03 2.6013E-03 2.6113E-03 2.6257E-03 2.7386E-03 2.8581E-03 2.7767E-03 2.8354E-03 3.0024E-03 3.0636E-03 3.1834E-03 3.2982E-03 3.3281E-03 3.2643E-03 3.3184E-03 3.4872E-03 3.6813E-03 3.6652E-03 3.8304E-03 3.8978E-03 3.9375E-03 3.8671E-03 3.9597E-03 4.1231E-03 4.2882E-03 4.3211E-03 4.3076E-03 4.4948E-03 4.8245E-03 5.0336E-03 5.2827E-03 5.2698E-03 5.2903E-03 5.4717E-03 5.5792E-03 5.7801E-03 6.0175E-03 5.9429E-03 6.2941E-03
1.0649E-03 1.1448E-03 1.2208E-03 1.2864E-03 1.4192E-03 1.4856E-03 1.5735E-03 1.6698E-03 1.8000E-03 1.8311E-03 1.9313E-03 2.0057E-03 2.0771E-03 2.2263E-03 2.1879E-03 2.2920E-03 2.4102E-03 2.5148E-03 2.6541E-03 2.7971E-03 2.9064E-03 2.9570E-03 3.1356E-03 3.1581E-03 3.1011E-03 3.2808E-03 3.3325E-03 3.4132E-03 3.3447E-03 3.8332E-03 3.8381E-03 3.7419E-03 3.9081E-03 3.9208E-03 3.9728E-03 3.9648E-03 4.2374E-03 4.4430E-03 4.3169E-03 4.1997E-03 4.2477E-03 4.4037E-03 4.7465E-03 4.7262E-03 4.8330E-03 5.0858E-03 5.1972E-03 5.6023E-03 5.6583E-03 5.7001E-03 5.8656E-03 6.0465E-03 6.2786E-03 6.5051E-03 6.7819E-03 6.8135E-03 7.2354E-03
1.1547E-03 1.2313E-03 1.3533E-03 1.4304E-03 1.5275E-03 1.6483E-03 1.6975E-03 1.8032E-03 2.0023E-03 2.0037E-03 2.1087E-03 2.1467E-03 2.2439E-03 2.3228E-03 2.3618E-03 2.4137E-03 2.5940E-03 2.6849E-03 3.0013E-03 3.1065E-03 3.1563E-03 3.3250E-03 3.3651E-03 3.4163E-03 3.5062E-03 3.5016E-03 3.5731E-03 3.5828E-03 3.7050E-03 4.1007E-03 4.3078E-03 4.2992E-03 4.4270E-03 4.3821E-03 4.2310E-03 4.3294E-03 4.4959E-03 4.6597E-03 4.8198E-03 4.6078E-03 4.6928E-03 4.8332E-03 5.0862E-03 5.1501E-03 5.2888E-03 5.5236E-03 5.5516E-03 5.7956E-03 6.1378E-03 6.5858E-03 6.7934E-03 6.8116E-03 7.1571E-03 7.3695E-03 7.4719E-03 7.9023E-03 8.2881E-03
1.2275E-03 1.3396E-03 1.4113E-03 1.5015E-03 1.6387E-03 1.8384E-03 1.9006E-03 2.0428E-03 2.1351E-03 2.1812E-03 2.2483E-03 2.3456E-03 2.4194E-03 2.4922E-03 2.5974E-03 2.6564E-03 2.8691E-03 2.9633E-03 3.3131E-03 3.3905E-03 3.6256E-03 3.5593E-03 3.6048E-03 3.6905E-03 3.7198E-03 3.8948E-03 3.8297E-03 4.0915E-03 4.2337E-03 4.5663E-03 4.8966E-03 5.0553E-03 5.1058E-03 5.6240E-03 5.6411E-03 5.2431E-03 4.9962E-03 5.4890E-03 5.5367E-03 5.1355E-03 5.0190E-03 5.2843E-03 5.5213E-03 5.7953E-03 5.9380E-03 6.2627E-03 6.1616E-03 6.6943E-03 7.0625E-03 7.4422E-03 7.7465E-03 8.0866E-03 8.2079E-03 8.9220E-03 8.9512E-03 8.7723E-03 9.6760E-03
1.3218E-03 1.3966E-03 1.5207E-03 1.6237E-03 1.7844E-03 2.0376E-03 2.1181E-03 2.1983E-03 2.2652E-03 2.3394E-03 2.4288E-03 2.5417E-03 2.5555E-03 2.6763E-03 2.7764E-03 2.8565E-03 3.3441E-03 3.3649E-03 3.5398E-03 3.7902E-03 3.9391E-03 4.0189E-03 3.8821E-03 3.9628E-03 3.9976E-03 4.2172E-03 4.6255E-03 4.6433E-03 4.6601E-03 5.0024E-03 5.1571E-03 5.7365E-03 5.8738E-03 5.9082E-03 6.3719E-03 6.5496E-03 6.1704E-03 5.8319E-03 5.9739E-03 5.7247E-03 5.6152E-03 5.8536E-03 6.0131E-03 6.4748E-03 6.7954E-03 6.9042E-03 6.9010E-03 7.3136E-03 7.9145E-03 8.2556E-03 8.6023E-03 9.0771E-03 9.3648E-03 9.7260E-03 1.0236E-02 1.0197E-02 1.0712E-02
1.4539E-03 1.5282E-03 1.6458E-03 1.7445E-03 2.0358E-03 2.1495E-03 2.2408E-03 2.3717E-03 2.3952E-03 2.5077E-03 2.5688E-03 2.6618E-03 2.7287E-03 2.7577E-03 2.8629E-03 3.1611E-03 3.5275E-03 3.6299E-03 3.9241E-03 3.8385E-03 3.9800E-03 4.2842E-03 4.2579E-03 4.4006E-03 4.7189E-03 4.9317E-03 4.7933E-03 4.8583E-03 5.1369E-03 5.3053E-03 5.6065E-03 5.9061E-03 6.0540E-03 6.1073E-03 6.8777E-03 6.9498E-03 6.9397E-03 6.6169E-03 6.6013E-03 6.2733E-03 6.4047E-03 6.5728E-03 7.0864E-03 7.3771E-03 7.6559E-03 8.1219E-03 8.2318E-03 8.6933E-03 9.0849E-03 9.3507E-03 9.6865E-03 1.0309E-02 1.0647E-02 1.0919E-02 1.1235E-02 1.0905E-02 1.1910E-02
1.5552E-03 1.7219E-03 1.8060E-03 1.8782E-03 2.1433E-03 2.3107E-03 2.3989E-03 2.4799E-03 2.5654E-03 2.7117E-03 2.7874E-03 2.8607E-03 2.9650E-03 2.9985E-03 3.2303E-03 3.4719E-03 3.6733E-03 3.8403E-03 4.0293E-03 4.1253E-03 4.4305E-03 4.3998E-03 4.6371E-03 4.7693E-03 5.0297E-03 5.3956E-03 5.8834E-03 5.8635E-03 5.8790E-03 6.2331E-03 6.2406E-03 6.4127E-03 6.4442E-03 6.5504E-03 7.1223E-03 7.4485E-03 7.3505E-03 7.2449E-03 7.6478E-03 7.2368E-03 7.3020E-03 7.3501E-03 8.0065E-03 8.5521E-03 9.2022E-03 9.0092E-03 9.5227E-03 9.2607E-03 1.0447E-02 1.0030E-02 1.0458E-02 1.1105E-02 1.0776E-02 1.2092E-02 1.3619E-02 1.3472E-02 1.2316E-02
1.7447E-03 1.8588E-03 1.9845E-03 2.1255E-03 2.2781E-03 2.4873E-03 2.6497E-03 2.6987E-03 2.7776E-03 2.9917E-03 3.0527E-03 3.0835E-03 3.1554E-03 3.3814E-03 3.4796E-03 3.7805E-03 3.9042E-03 4.1747E-03 4.2837E-03 4.6466E-03 4.7873E-03 4.9184E-03 5.2013E-03 5.1075E-03 5.3387E-03 5.7488E-03 6.1129E-03 6.2424E-03 6.3652E-03 6.6713E-03 6.5931E-03 6.2744E-03 6.7383E-03 6.7809E-03 7.0670E-03 7.4613E-03 8.3360E-03 8.3279E-03 8.4597E-03 8.3330E-03 8.0792E-03 8.2183E-03 9.2945E-03 1.0192E-02 1.0384E-02 1.0708E-02 1.0563E-02 1.1128E-02 1.1008E-02 1.0885E-02 1.1562E-02 1.1367E-02 1.2151E-02 1.3359E-02 1.4596E-02 1.4777E-02 1.2877E-02
1.9745E-03 2.1326E-03 2.2882E-03 2.4009E-03 2.4983E-03 2.6565E-03 2.8373E-03 3.0672E-03 3.2593E-03 3.3664E-03 3.4714E-03 3.8865E-03 3.6211E-03 4.0144E-03 4.2840E-03 4.1656E-03 4.3875E-03 4.6263E-03 4.6298E-03 4.8880E-03 5.1769E-03 5.5746E-03 5.6269E-03 5.6703E-03 5.7046E-03 5.9372E-03 6.3429E-03 6.6383E-03 6.6839E-03 7.1684E-03 7.7423E-03 6.9480E-03 7.0440E-03 7.2329E-03 7.6083E-03 8.3246E-03 9.3560E-03 9.3318E-03 9.3758E-03 9.3910E-03 8.9010E-03 9.3366E-03 9.5383E-03 1.1639E-02 1.2103E-02 1.2494E-02 1.2781E-02 1.2939E-02 1.2029E-02 1.1922E-02 1.2682E-02 1.2912E-02 1.4426E-02 1.4638E-02 1.4581E-02 1.4332E-02 1.4188E-02
2.1487E-03 2.2968E-03 2.5166E-03 2.7050E-03 2.8740E-03 2.9591E-03 3.1708E-03 3.3194E-03 3.5237E-03 3.8272E-03 3.9580E-03 4.1239E-03 4.2130E-03 4.4919E-03 4.6015E-03 4.6969E-03 4.7992E-03 5.0438E-03 5.1963E-03 5.3955E-03 5.6650E-03 5.8552E-03 6.2598E-03 6.2333E-03 6.2693E-03 6.3408E-03 6.5729E-03 6.8054E-03 7.2842E-03 7.3961E-03 8.5242E-03 8.5752E-03 7.8717E-03 7.7733E-03 8.1787E-03 9.2183E-03 1.0048E-02 1.0626E-02 1.0063E-02 1.0737E-02 9.7367E-03 1.0305E-02 1.1151E-02 1.2117E-02 1.3046E-02 1.3497E-02 1.4123E-02 1.4397E-02 1.3192E-02 1.3123E-02 1.3386E-02 1.3616E-02 1.5716E-02 1.5880E-02 1.4641E-02 1.6225E-02 1.5041E-02
2.2776E-03 2.4268E-03 2.6326E-03 2.7846E-03 3.0252E-03 3.1207E-03 3.3590E-03 3.6932E-03 3.8805E-03 4.2407E-03 4.5753E-03 4.6671E-03 4.6724E-03 4.8210E-03 5.0623E-03 5.0724E-03 5.1748E-03 5.5457E-03 5.6779E-03 5.6693E-03 5.9512E-03 6.2747E-03 6.6701E-03 7.1824E-03 6.6720E-03 7.1071E-03 7.0449E-03 7.4188E-03 7.8749E-03 8.0865E-03 8.5839E-03 8.9547E-03 9.3215E-03 8.9107E-03 9.0129E-03 9.2496E-03 1.0584E-02 1.1865E-02 1.2052E-02 1.1688E-02 1.0341E-02 1.1914E-02 1.1772E-02 1.3161E-02 1.3349E-02 1.4431E-02 1.5372E-02 1.5633E-02 1.4784E-02 1.4375E-02 1.4260E-02 1.4629E-02 1.6724E-02 1.7142E-02 1.6919E-02 1.6191E-02 1.7268E-02
2.5698E-03 2.7911E-03 2.9853E-03 3.0550E-03 3.2174E-03 3.4413E-03 3.6292E-03 4.1625E-03 4.5225E-03 4.7324E-03 4.8556E-03 5.0204E-03 5.3342E-03 5.3928E-03 5.3590E-03 5.4704E-03 5.5496E-03 5.9141E-03 6.1832E-03 6.3121E-03 6.2662E-03 6.6864E-03 7.1315E-03 7.6464E-03 8.1775E-03 7.8303E-03 7.5326E-03 8.1176E-03 8.7924E-03 9.2856E-03 9.7479E-03 1.0132E-02 1.0301E-02 9.5694E-03 9.4343E-03 9.7442E-03 1.0362E-02 1.2091E-02 1.1889E-02 1.2829E-02 1.1757E-02 1.3753E-02 1.2622E-02 1.3654E-02 1.4831E-02 1.5237E-02 1.6654E-02 1.6735E-02 1.6846E-02 1.6504E-02 1.7236E-02 1.6633E-02 1.8378E-02 1.9028E-02 1.7889E-02 1.8840E-02 2.1158E-02
2.7527E-03 2.9082E-03 3.1516E-03 3.3652E-03 3.3866E-03 3.6252E-03 4.1154E-03 4.6400E-03 4.7853E-03 5.0707E-03 5.3025E-03 5.2782E-03 5.5285E-03 5.7584E-03 6.0443E-03 5.9301E-03 6.1894E-03 6.4196E-03 6.3350E-03 7.0835E-03 6.9927E-03 7.2752E-03 7.6915E-03 8.1929E-03 8.6743E-03 8.8017E-03 9.0219E-03 9.1524E-03 9.4600E-03 9.5234E-03 1.0361E-02 1.1170E-02 1.1324E-02 1.0954E-02 1.0636E-02 1.0787E-02 1.0986E-02 1.1987E-02 1.2891E-02 1.3427E-02 1.4061E-02 1.4563E-02 1.4477E-02 1.5143E-02 1.5433E-02 1.5839E-02 1.7838E-02 1.8348E-02 1.8724E-02 1.9550E-02 1.8389E-02 1.8799E-02 2.0446E-02 2.0185E-02 2.1403E-02 2.2439E-02 2.3376E-02
2.8402E-03 3.0191E-03 3.3419E-03 3.6195E-03 3.8393E-03 4.0959E-03 4.5573E-03 5.0831E-03 5.3777E-03 5.6128E-03 5.5764E-03 5.8688E-03 6.0139E-03 6.4355E-03 6.6451E-03 6.6231E-03 6.9560E-03 7.2775E-03 7.3312E-03 7.7229E-03 7.9903E-03 8.3480E-03 8.5580E-03 8.7598E-03 9.0537E-03 9.6138E-03 9.3847E-03 1.0876E-02 9.8290E-03 9.8700E-03 1.0405E-02 1.1162E-02 1.2304E-02 1.2349E-02 1.2096E-02 1.1832E-02 1.2095E-02 1.3009E-02 1.4223E-02 1.4821E-02 1.5429E-02 1.6431E-02 1.6663E-02 1.6384E-02 1.6804E-02 1.7135E-02 1.8887E-02 1.9797E-02 1.9858E-02 2.0020E-02 2.0083E-02 2.1194E-02 2.3387E-02 2.4092E-02 2.4446E-02 2.4673E-02 2.3311E-02
2.9868E-03 3.3604E-03 3.6809E-03 4.0418E-03 4.3769E-03 4.6683E-03 4.9857E-03 5.3200E-03 5.8400E-03 6.3461E-03 6.3281E-03 6.1573E-03 6.3808E-03 6.8092E-03 7.0807E-03 7.3929E-03 7.6105E-03 7.7501E-03 7.9867E-03 8.0883E-03 8.6359E-03 9.4118E-03 9.8411E-03 1.0773E-02 1.0106E-02 1.0611E-02 1.0663E-02 1.0938E-02 1.1042E-02 1.1069E-02 1.1166E-02 1.1731E-02 1.2121E-02 1.2782E-02 1.3001E-02 1.3131E-02 1.3424E-02 1.4214E-02 1.5244E-02 1.5630E-02 1.7166E-02 1.8901E-02 1.9262E-02 1.8333E-02 1.8488E-02 1.7960E-02 2.0476E-02 2.2169E-02 2.1704E-02 2.2485E-02 2.3366E-02 2.4160E-02 2.7009E-02 2.8130E-02 2.7160E-02 2.6216E-02 2.5640E-02
3.1964E-03 3.4515E-03 3.8450E-03 4.1553E-03 4.5829E-03 4.8232E-03 5.2124E-03 5.9902E-03 6.4916E-03 7.0682E-03 6.8939E-03 7.0431E-03 7.1837E-03 7.3304E-03 7.9418E-03 8.4330E-03 7.9885E-03 8.4272E-03 8.8779E-03 8.9876E-03 9.6905E-03 1.0011E-02 1.0345E-02 1.1272E-02 1.1436E-02 1.1585E-02 1.2161E-02 1.1907E-02 1.2106E-02 1.2525E-02 1.3338E-02 1.4160E-02 1.3295E-02 1.4908E-02 1.4175E-02 1.4074E-02 1.4102E-02 1.5144E-02 1.6450E-02 1.7313E-02 1.7588E-02 1.8091E-02 1.9745E-02 1.9518E-02 1.9218E-02 2.0048E-02 2.2073E-02 2.4331E-02 2.3583E-02 2.3798E-02 2.5062E-02 2.6625E-02 2.8892E-02 2.9770E-02 3.1155E-02 2.8733E-02 2.7288E-02
3.4667E-03 3.7000E-03 4.0296E-03 4.3789E-03 4.7072E-03 4.9627E-03 5.5554E-03 6.0548E-03 6.7490E-03 6.9219E-03 7.4132E-03 7.9513E-03 8.6024E-03 8.1417E-03 8.5683E-03 9.4008E-03 9.4287E-03 9.5422E-03 9.9406E-03 1.0482E-02 1.1267E-02 1.1665E-02 1.2518E-02 1.2344E-02 1.3163E-02 1.3770E-02 1.2834E-02 1.2527E-02 1.3389E-02 1.3965E-02 1.4013E-02 1.5333E-02 1.4234E-02 1.4541E-02 1.5683E-02 1.4728E-02 1.5190E-02 1.6299E-02 1.7654E-02 2.0039E-02 1.9763E-02 1.9596E-02 2.0698E-02 2.0830E-02 2.1149E-02 2.2086E-02 2.2850E-02 2.4966E-02 2.5301E-02 2.5102E-02 2.6261E-02 2.9297E-02 2.9631E-02 3.1496E-02 3.1311E-02 3.0767E-02 3.0078E-02
3.9005E-03 4.1634E-03 4.4635E-03 4.7388E-03 5.1174E-03 5.4720E-03 6.0583E-03 6.5855E-03 7.1599E-03 7.9465E-03 8.5227E-03 9.3742E-03 9.3471E-03 9.6420E-03 9.9311E-03 1.0773E-02 1.0517E-02 1.0550E-02 1.1010E-02 1.2083E-02 1.1962E-02 1.2695E-02 1.3681E-02 1.4129E-02 1.4611E-02 1.5559E-02 1.4758E-02 1.4839E-02 1.4896E-02 1.6198E-02 1.4134E-02 1.5789E-02 1.5923E-02 1.4696E-02 1.6010E-02 1.6388E-02 1.6221E-02 1.7514E-02 1.8028E-02 2.0267E-02 1.8998E-02 2.1005E-02 2.1031E-02 2.2574E-02 2.2804E-02 2.3279E-02 2.3726E-02 2.5426E-02 2.5892E-02 2.6886E-02 2.6939E-02 3.1317E-02 3.2421E-02 3.3080E-02 3.2092E-02 3.2013E-02 3.3431E-02
4.2726E-03 4.4859E-03 4.8364E-03 5.4022E-03 5.8789E-03 6.3970E-03 6.9147E-03 7.2825E-03 7.6597E-03 8.4519E-03 9.6349E-03 1.0981E-02 1.0715E-02 1.0718E-02 1.1064E-02 1.1991E-02 1.2474E-02 1.3190E-02 1.1639E-02 1.2424E-02 1.3474E-02 1.3671E-02 1.4676E-02 1.6002E-02 1.5068E-02 1.4651E-02 1.7161E-02 1.7052E-02 1.7138E-02 1.8045E-02 1.7140E-02 1.5548E-02 1.5534E-02 1.6531E-02 1.7219E-02 1.7351E-02 1.7381E-02 1.7273E-02 1.8414E-02 2.0475E-02 1.9946E-02 2.1363E-02 2.1769E-02 2.3663E-02 2.4984E-02 2.6032E-02 2.5403E-02 2.6568E-02 2.7487E-02 2.8947E-02 3.0956E-02 3.3218E-02 3.4229E-02 3.5387E-02 3.6198E-02 3.3952E-02 3.6827E-02
4.9514E-03 5.5296E-03 5.9937E-03 6.4487E-03 6.5179E-03 6.8477E-03 7.8164E-03 8.2646E-03 8.9961E-03 9.0824E-03 1.0699E-02 1.1420E-02 1.1773E-02 1.1557E-02 1.2581E-02 1.3616E-02 1.5034E-02 1.4617E-02 1.4512E-02 1.4960E-02 1.5073E-02 1.5283E-02 1.5692E-02 1.6673E-02 1.7666E-02 1.7455E-02 1.7798E-02 1.8164E-02 1.9102E-02 1.8932E-02 1.8429E-02 1.7513E-02 1.6215E-02 1.6891E-02 1.8314E-02 1.8492E-02 1.9358E-02 1.8546E-02 1.9262E-02 2.0457E-02 2.1603E-02 2.2718E-02 2.3113E-02 2.5082E-02 2.6336E-02 2.6421E-02 2.6846E-02 2.7840E-02 2.9604E-02 3.1382E-02 3.3681E-02 3.5263E-02 3.5882E-02 3.8804E-02 3.8016E-02 3.7644E-02 3.9254E-02
5.5194E-03 5.9655E-03 6.6515E-03 7.1410E-03 8.5181E-03 8.6433E-03 8.7083E-03 9.1052E-03 1.0271E-02 1.0729E-02 1.1188E-02 1.2206E-02 1.2126E-02 1.2816E-02 1.4048E-02 1.5727E-02 1.6077E-02 1.5957E-02 1.7321E-02 1.7579E-02 1.6483E-02 1.6856E-02 1.6654E-02 1.7084E-02 1.7878E-02 1.8968E-02 1.9588E-02 2.0351E-02 2.1047E-02 1.9967E-02 1.8480E-02 1.8935E-02 1.7201E-02 1.7704E-02 1.8904E-02 2.0435E-02 2.0111E-02 1.9560E-02 2.0594E-02 2.1082E-02 2.1962E-02 2.5993E-02 2.7625E-02 2.7451E-02 2.8598E-02 2.8126E-02 2.8226E-02 3.0361E-02 3.3678E-02 3.2145E-02 3.5987E-02 3.7454E-02 3.8657E-02 4.1307E-02 4.0189E-02 4.0504E-02 4.2601E-02
6.1951E-03 7.1953E-03 7.2252E-03 8.3930E-03 9.7502E-03 9.5658E-03 9.9469E-03 1.0555E-02 1.1336E-02 1.2347E-02 1.3538E-02 1.3877E-02 1.3550E-02 1.4065E-02 1.4950E-02 1.6010E-02 1.7860E-02 1.8230E-02 1.9521E-02 1.9641E-02 1.8853E-02 1.7908E-02 1.7694E-02 1.7323E-02 1.7632E-02 1.9761E-02 2.0851E-02 2.1097E-02 2.2485E-02 2.2875E-02 2.1203E-02 1.9282E-02 1.9655E-02 2.0466E-02 1.8972E-02 2.0382E-02 2.1162E-02 2.1697E-02 2.1644E-02 2.1778E-02 2.3296E-02 2.4017E-02 3.0167E-02 2.7511E-02 2.9832E-02 2.8879E-02 3.0106E-02 3.2592E-02 3.4996E-02 3.4752E-02 3.7190E-02 3.9818E-02 4.9635E-02 4.2937E-02 4.3470E-02 4.4759E-02 4.3804E-02
6.8926E-03 7.6724E-03 8.5470E-03 8.6250E-03 9.7806E-03 1.0329E-02 1.1259E-02 1.1893E-02 1.3687E-02 1.2881E-02 1.4102E-02 1.5305E-02 1.4848E-02 1.5707E-02 1.5803E-02 1.7327E-02 1.9143E-02 1.9977E-02 2.0929E-02 2.2512E-02 2.1672E-02 2.1180E-02 2.0524E-02 1.8461E-02 1.8943E-02 1.9412E-02 2.0324E-02 2.2861E-02 2.2869E-02 2.7250E-02 2.5589E-02 2.3642E-02 2.2038E-02 2.1267E-02 2.0817E-02 2.1972E-02 2.3204E-02 2.4474E-02 2.5939E-02 2.2561E-02 2.4364E-02 2.7276E-02 3.0449E-02 2.8276E-02 3.0506E-02 2.9215E-02 3.1797E-02 3.5428E-02 3.8948E-02 3.8033E-02 4.0860E-02 4.7251E-02 5.1991E-02 4.6793E-02 4.9361E-02 4.7827E-02 4.8169E-02
