inst/extdata/p99_1h_conc.grd
ncols       100
nrows       100
xllcorner      7.375160000E+05
yllcorner      5.081320000E+06
cellsize      5.000000000E+01
nodata_value         -9
[rows 75 to 99 of 100, columns 0 to 56 of 100]
7.9480E-02 9.9220E-02 1.1550E-01 1.2554E-01 1.3700E-01 1.5160E-01 1.7265E-01 1.8738E-01 1.9564E-01 1.9511E-01 2.0273E-01 2.0965E-01 2.1384E-01 2.2807E-01 2.3736E-01 2.6157E-01 2.7486E-01 3.1111E-01 3.3058E-01 3.5362E-01 3.7453E-01 3.7617E-01 3.6422E-01 3.6837E-01 3.5435E-01 3.8694E-01 3.9122E-01 4.0716E-01 4.2471E-01 4.4759E-01 4.5743E-01 4.5420E-01 4.5490E-01 4.1456E-01 4.3939E-01 4.5531E-01 4.6717E-01 4.7641E-01 4.6093E-01 4.4388E-01 4.8470E-01 5.0151E-01 4.9105E-01 4.5019E-01 4.5473E-01 4.3624E-01 4.7000E-01 4.3615E-01 4.3167E-01 4.5673E-01 5.2816E-01 5.1037E-01 4.9896E-01 4.6748E-01 4.0808E-01 4.4866E-01 4.1563E-01
7.5201E-02 9.5669E-02 1.1787E-01 1.4220E-01 1.5374E-01 1.6927E-01 1.7043E-01 1.7179E-01 1.8180E-01 1.8995E-01 1.9927E-01 2.0537E-01 2.1527E-01 2.3275E-01 2.5125E-01 2.5977E-01 2.9808E-01 3.0312E-01 3.3522E-01 3.5065E-01 3.4781E-01 3.4964E-01 3.4661E-01 3.3844E-01 3.6051E-01 3.6917E-01 3.9819E-01 4.0647E-01 4.2615E-01 4.4458E-01 4.2805E-01 4.3779E-01 4.0452E-01 4.1197E-01 4.2023E-01 4.4602E-01 4.4059E-01 4.4663E-01 4.1580E-01 4.4140E-01 4.8370E-01 4.9112E-01 4.5979E-01 4.3321E-01 4.3142E-01 4.2819E-01 4.5320E-01 3.9205E-01 4.0726E-01 4.3417E-01 4.9632E-01 4.8955E-01 4.5789E-01 4.3933E-01 3.9017E-01 4.1113E-01 3.9703E-01
8.2898E-02 1.1312E-01 1.3356E-01 1.4825E-01 1.5307E-01 1.5479E-01 1.6318E-01 1.6787E-01 1.8025E-01 1.9275E-01 1.9622E-01 2.0861E-01 2.2994E-01 2.3182E-01 2.5309E-01 2.6990E-01 2.7972E-01 2.9640E-01 3.1954E-01 3.1987E-01 3.2226E-01 3.2087E-01 3.2191E-01 3.3770E-01 3.5329E-01 3.8180E-01 3.8736E-01 4.0202E-01 4.1475E-01 4.0755E-01 4.0609E-01 3.8726E-01 3.8336E-01 3.8696E-01 4.1609E-01 4.0094E-01 4.3171E-01 4.1217E-01 4.0495E-01 4.3724E-01 4.6540E-01 4.5323E-01 4.1415E-01 4.0886E-01 4.0438E-01 3.9087E-01 4.3387E-01 3.7935E-01 3.9792E-01 4.2094E-01 4.6705E-01 4.7230E-01 4.2997E-01 4.1535E-01 3.8076E-01 3.9825E-01 3.7738E-01
9.3412E-02 1.1566E-01 1.3127E-01 1.3980E-01 1.4321E-01 1.4865E-01 1.6099E-01 1.6607E-01 1.7532E-01 1.8973E-01 2.0860E-01 2.1523E-01 2.4028E-01 2.5157E-01 2.5086E-01 2.6116E-01 2.7375E-01 2.9092E-01 2.8951E-01 3.0136E-01 3.0422E-01 3.0672E-01 3.1884E-01 3.3627E-01 3.7287E-01 3.6376E-01 3.6611E-01 3.9426E-01 3.7985E-01 3.8931E-01 3.7314E-01 3.5340E-01 3.6239E-01 3.8535E-01 3.9839E-01 4.1597E-01 4.1197E-01 3.7718E-01 3.9705E-01 4.3468E-01 4.4071E-01 4.2922E-01 3.8806E-01 3.8129E-01 3.6626E-01 3.8040E-01 3.9944E-01 3.6110E-01 3.7953E-01 3.9760E-01 4.3620E-01 4.4250E-01 4.0819E-01 3.9923E-01 3.5376E-01 3.7247E-01 3.5504E-01
8.6202E-02 1.1138E-01 1.2970E-01 1.3495E-01 1.4104E-01 1.4771E-01 1.5400E-01 1.6783E-01 1.8765E-01 1.9975E-01 2.1910E-01 2.2837E-01 2.3868E-01 2.4088E-01 2.4306E-01 2.6027E-01 2.7000E-01 2.6424E-01 2.8151E-01 2.8049E-01 2.8711E-01 3.1025E-01 3.1886E-01 3.5196E-01 3.4487E-01 3.4966E-01 3.8207E-01 3.5856E-01 3.6723E-01 3.6093E-01 3.5059E-01 3.5000E-01 3.5516E-01 3.8605E-01 3.7317E-01 3.9697E-01 3.6925E-01 3.7187E-01 3.9598E-01 4.2510E-01 4.0854E-01 3.8696E-01 3.5711E-01 3.6197E-01 3.4695E-01 3.7689E-01 3.7679E-01 3.3435E-01 3.6340E-01 3.7461E-01 4.0254E-01 4.2164E-01 3.8657E-01 3.8007E-01 3.4389E-01 3.4961E-01 3.3869E-01
8.6376E-02 1.0681E-01 1.1873E-01 1.3125E-01 1.4316E-01 1.4772E-01 1.6314E-01 1.7377E-01 1.9286E-01 2.1802E-01 2.2308E-01 2.2726E-01 2.2858E-01 2.3395E-01 2.4461E-01 2.5294E-01 2.4879E-01 2.6020E-01 2.5839E-01 2.7590E-01 2.8738E-01 3.0724E-01 3.3645E-01 3.3127E-01 3.2970E-01 3.5534E-01 3.4597E-01 3.5017E-01 3.4535E-01 3.2730E-01 3.3354E-01 3.3216E-01 3.4658E-01 3.5261E-01 3.7600E-01 3.7897E-01 3.5520E-01 3.5993E-01 3.9512E-01 4.0398E-01 4.0124E-01 3.5724E-01 3.5844E-01 3.4152E-01 3.5555E-01 3.5998E-01 3.4854E-01 3.2532E-01 3.4351E-01 3.5964E-01 3.8214E-01 4.0110E-01 3.8718E-01 3.6458E-01 3.3532E-01 3.2734E-01 3.3500E-01
8.1247E-02 1.0430E-01 1.2069E-01 1.3742E-01 1.4375E-01 1.6175E-01 1.7225E-01 1.9096E-01 2.0178E-01 2.0850E-01 2.1359E-01 2.2036E-01 2.2459E-01 2.3551E-01 2.3492E-01 2.3086E-01 2.4699E-01 2.3730E-01 2.6049E-01 2.6916E-01 2.9054E-01 3.1712E-01 3.0872E-01 3.1077E-01 3.3770E-01 3.2471E-01 3.2853E-01 3.2338E-01 3.1646E-01 3.1178E-01 3.1165E-01 3.1823E-01 3.3936E-01 3.3985E-01 3.7615E-01 3.3918E-01 3.4314E-01 3.6693E-01 3.9555E-01 3.8320E-01 3.7152E-01 3.2307E-01 3.1751E-01 3.2556E-01 3.5022E-01 3.4460E-01 3.1593E-01 3.2160E-01 3.3649E-01 3.4305E-01 3.7686E-01 3.7735E-01 3.6568E-01 3.5634E-01 3.1559E-01 3.1370E-01 3.2048E-01
8.1379E-02 1.0890E-01 1.2712E-01 1.4036E-01 1.5388E-01 1.7091E-01 1.8556E-01 1.8599E-01 1.9552E-01 1.9806E-01 2.1148E-01 2.1734E-01 2.2028E-01 2.2331E-01 2.2070E-01 2.2482E-01 2.2379E-01 2.3954E-01 2.5185E-01 2.7766E-01 3.0740E-01 2.9425E-01 3.0122E-01 3.2548E-01 3.2315E-01 3.1510E-01 3.0243E-01 3.0769E-01 2.9380E-01 3.0997E-01 2.9815E-01 3.2339E-01 3.1933E-01 3.4649E-01 3.3023E-01 3.3118E-01 3.4119E-01 3.6883E-01 3.7324E-01 3.6622E-01 3.4843E-01 3.2149E-01 3.0421E-01 3.0963E-01 3.3860E-01 3.2917E-01 3.0608E-01 3.0719E-01 3.2438E-01 3.2035E-01 3.5399E-01 3.6326E-01 3.5878E-01 3.4267E-01 2.9419E-01 2.8739E-01 3.0916E-01
8.3745E-02 1.1179E-01 1.2977E-01 1.4849E-01 1.6817E-01 1.7160E-01 1.8119E-01 1.8498E-01 1.8944E-01 2.0517E-01 2.1079E-01 2.0795E-01 2.1021E-01 2.0583E-01 2.1214E-01 2.1052E-01 2.1583E-01 2.3834E-01 2.5488E-01 2.8269E-01 2.8316E-01 2.9178E-01 3.1097E-01 3.0657E-01 3.0018E-01 2.9928E-01 2.8559E-01 2.8105E-01 2.8872E-01 2.8870E-01 3.0912E-01 3.0718E-01 3.2218E-01 3.3309E-01 3.1334E-01 3.1938E-01 3.4186E-01 3.7485E-01 3.5361E-01 3.4126E-01 3.2869E-01 2.9517E-01 2.9690E-01 3.1400E-01 3.2268E-01 3.1424E-01 2.9025E-01 3.0711E-01 3.0945E-01 3.1179E-01 3.3418E-01 3.5102E-01 3.3519E-01 3.3588E-01 2.9685E-01 2.7696E-01 2.9569E-01
8.7891E-02 1.1759E-01 1.4219E-01 1.6342E-01 1.6523E-01 1.7323E-01 1.7899E-01 1.8399E-01 1.9225E-01 1.9588E-01 2.0190E-01 1.9998E-01 2.0084E-01 2.0151E-01 1.9837E-01 2.0437E-01 2.2313E-01 2.4041E-01 2.5507E-01 2.6940E-01 2.7902E-01 3.0466E-01 2.9945E-01 2.9401E-01 2.8304E-01 2.8168E-01 2.6316E-01 2.7194E-01 2.6679E-01 2.7955E-01 3.0668E-01 2.9925E-01 3.3248E-01 2.9859E-01 3.0099E-01 3.2450E-01 3.3479E-01 3.4998E-01 3.4392E-01 3.2845E-01 2.9452E-01 2.8243E-01 2.9911E-01 3.1291E-01 3.0898E-01 2.9932E-01 2.7750E-01 2.9031E-01 2.9122E-01 2.9847E-01 3.2282E-01 3.4049E-01 3.2017E-01 3.1181E-01 2.7892E-01 2.6862E-01 2.8066E-01
9.6470E-02 1.3115E-01 1.4424E-01 1.5998E-01 1.6322E-01 1.7166E-01 1.7886E-01 1.8519E-01 1.8283E-01 1.8702E-01 1.9159E-01 1.9195E-01 1.9116E-01 1.9095E-01 1.9812E-01 2.0597E-01 2.2727E-01 2.3658E-01 2.4767E-01 2.6584E-01 2.8409E-01 2.8492E-01 2.8386E-01 2.7379E-01 2.7825E-01 2.6126E-01 2.6238E-01 2.6360E-01 2.6836E-01 3.0041E-01 2.8163E-01 3.0729E-01 2.9163E-01 2.8581E-01 3.0718E-01 3.1271E-01 3.4700E-01 3.1975E-01 3.2374E-01 3.0462E-01 2.7262E-01 2.6819E-01 2.8502E-01 3.1887E-01 2.9137E-01 2.8347E-01 2.6992E-01 2.8291E-01 2.7546E-01 2.8374E-01 3.0617E-01 3.2798E-01 3.1468E-01 3.0599E-01 2.6166E-01 2.5657E-01 2.6959E-01
9.7307E-02 1.2762E-01 1.4747E-01 1.5371E-01 1.6806E-01 1.6766E-01 1.7315E-01 1.7856E-01 1.7911E-01 1.8570E-01 1.8474E-01 1.8356E-01 1.8550E-01 1.9382E-01 2.0223E-01 2.1571E-01 2.2168E-01 2.3296E-01 2.4594E-01 2.7109E-01 2.7679E-01 2.5884E-01 2.6035E-01 2.6614E-01 2.4747E-01 2.4378E-01 2.5170E-01 2.5141E-01 2.8122E-01 2.8077E-01 2.7586E-01 2.9822E-01 2.7691E-01 2.6600E-01 3.0107E-01 3.2229E-01 3.2781E-01 3.2936E-01 3.0464E-01 2.9018E-01 2.6578E-01 2.6583E-01 2.8841E-01 3.0391E-01 2.8384E-01 2.6070E-01 2.7001E-01 2.7613E-01 2.6010E-01 2.7125E-01 2.9693E-01 3.1653E-01 3.0254E-01 2.9368E-01 2.6037E-01 2.4308E-01 2.4909E-01
9.9266E-02 1.2193E-01 1.4427E-01 1.5624E-01 1.6198E-01 1.6456E-01 1.6756E-01 1.6986E-01 1.7889E-01 1.7672E-01 1.7769E-01 1.8011E-01 1.8695E-01 1.9242E-01 2.0644E-01 2.1211E-01 2.1680E-01 2.3049E-01 2.4905E-01 2.5635E-01 2.5301E-01 2.4871E-01 2.5532E-01 2.3296E-01 2.3605E-01 2.4703E-01 2.3706E-01 2.5728E-01 2.7833E-01 2.6053E-01 2.8833E-01 2.7161E-01 2.5690E-01 2.7860E-01 2.9377E-01 3.2770E-01 2.9510E-01 3.0870E-01 2.8373E-01 2.6113E-01 2.5158E-01 2.6388E-01 2.8286E-01 2.8583E-01 2.7973E-01 2.5661E-01 2.6384E-01 2.6328E-01 2.4869E-01 2.7513E-01 2.8820E-01 3.0136E-01 2.9318E-01 2.8176E-01 2.5430E-01 2.3433E-01 2.3771E-01
9.6553E-02 1.2467E-01 1.4021E-01 1.5231E-01 1.5906E-01 1.6034E-01 1.6593E-01 1.6844E-01 1.7181E-01 1.7118E-01 1.7259E-01 1.8089E-01 1.8862E-01 2.0404E-01 2.0108E-01 2.0647E-01 2.1654E-01 2.3734E-01 2.4673E-01 2.4725E-01 2.3978E-01 2.3616E-01 2.2981E-01 2.2451E-01 2.3202E-01 2.3992E-01 2.4264E-01 2.6253E-01 2.6160E-01 2.6992E-01 2.7616E-01 2.5055E-01 2.5911E-01 2.9085E-01 3.0375E-01 3.0981E-01 2.9987E-01 2.8735E-01 2.7723E-01 2.5441E-01 2.3959E-01 2.6933E-01 2.8997E-01 2.7164E-01 2.5970E-01 2.4787E-01 2.5063E-01 2.6033E-01 2.3632E-01 2.6899E-01 2.7841E-01 2.9690E-01 2.8212E-01 2.7234E-01 2.4176E-01 2.2336E-01 2.2878E-01
9.2671E-02 1.2249E-01 1.3771E-01 1.4708E-01 1.5066E-01 1.5733E-01 1.6261E-01 1.6151E-01 1.6551E-01 1.6316E-01 1.7456E-01 1.8516E-01 1.9667E-01 1.9462E-01 1.9484E-01 2.0263E-01 2.2261E-01 2.3285E-01 2.2999E-01 2.3177E-01 2.3319E-01 2.2817E-01 2.1786E-01 2.2224E-01 2.2862E-01 2.2630E-01 2.5233E-01 2.6121E-01 2.4830E-01 2.7299E-01 2.5407E-01 2.3934E-01 2.6469E-01 2.7584E-01 3.0461E-01 2.8100E-01 2.9678E-01 2.6790E-01 2.4587E-01 2.3535E-01 2.4116E-01 2.6853E-01 2.8830E-01 2.5847E-01 2.5235E-01 2.4176E-01 2.4353E-01 2.4577E-01 2.3315E-01 2.6554E-01 2.7240E-01 2.8449E-01 2.7357E-01 2.6582E-01 2.2823E-01 2.1335E-01 2.2401E-01
9.0650E-02 1.1846E-01 1.3313E-01 1.4410E-01 1.5178E-01 1.5725E-01 1.5420E-01 1.5689E-01 1.5923E-01 1.6883E-01 1.8142E-01 1.9122E-01 1.9214E-01 1.9156E-01 1.9234E-01 2.0777E-01 2.1996E-01 2.2016E-01 2.2136E-01 2.2150E-01 2.2171E-01 2.0998E-01 2.0909E-01 2.1441E-01 2.1247E-01 2.3340E-01 2.5309E-01 2.4469E-01 2.6444E-01 2.5579E-01 2.3327E-01 2.5318E-01 2.7202E-01 2.8767E-01 2.9412E-01 2.7500E-01 2.7509E-01 2.5570E-01 2.3829E-01 2.2917E-01 2.4438E-01 2.6478E-01 2.7219E-01 2.4526E-01 2.4858E-01 2.3684E-01 2.3193E-01 2.3380E-01 2.2842E-01 2.6233E-01 2.6215E-01 2.6777E-01 2.5648E-01 2.5465E-01 2.2441E-01 2.0260E-01 2.2747E-01
8.7128E-02 1.1548E-01 1.3201E-01 1.4591E-01 1.5364E-01 1.4845E-01 1.5218E-01 1.5389E-01 1.6220E-01 1.7169E-01 1.8311E-01 1.8724E-01 1.8411E-01 1.8907E-01 1.9925E-01 2.1373E-01 2.1025E-01 2.1573E-01 2.2026E-01 2.2189E-01 2.0035E-01 1.9736E-01 2.0568E-01 2.0339E-01 2.2374E-01 2.2819E-01 2.3219E-01 2.4548E-01 2.5357E-01 2.3485E-01 2.3776E-01 2.6218E-01 2.6576E-01 2.8654E-01 2.7327E-01 2.7874E-01 2.5795E-01 2.4130E-01 2.2121E-01 2.1168E-01 2.4490E-01 2.6011E-01 2.6246E-01 2.3135E-01 2.2927E-01 2.2539E-01 2.2282E-01 2.1735E-01 2.2404E-01 2.5119E-01 2.5815E-01 2.6317E-01 2.4136E-01 2.4214E-01 2.1977E-01 1.9471E-01 2.1270E-01
8.9564E-02 1.1695E-01 1.3308E-01 1.3949E-01 1.4105E-01 1.4683E-01 1.5009E-01 1.5444E-01 1.6688E-01 1.7661E-01 1.8337E-01 1.7705E-01 1.7957E-01 1.9029E-01 2.0669E-01 2.0847E-01 2.0480E-01 2.1235E-01 2.2062E-01 2.0428E-01 1.9258E-01 1.9070E-01 1.9519E-01 2.0142E-01 2.1913E-01 2.2056E-01 2.2005E-01 2.5182E-01 2.3920E-01 2.2566E-01 2.4279E-01 2.5726E-01 2.7194E-01 2.7957E-01 2.5624E-01 2.5993E-01 2.3271E-01 2.2091E-01 2.1257E-01 2.2168E-01 2.3941E-01 2.5565E-01 2.5398E-01 2.1982E-01 2.1411E-01 2.1189E-01 2.2104E-01 2.0560E-01 2.1716E-01 2.3425E-01 2.5222E-01 2.5140E-01 2.3075E-01 2.2488E-01 2.1473E-01 1.9384E-01 2.0100E-01
8.7635E-02 1.1310E-01 1.2411E-01 1.3470E-01 1.4066E-01 1.4364E-01 1.4816E-01 1.5960E-01 1.6902E-01 1.7642E-01 1.7181E-01 1.7333E-01 1.7879E-01 1.9900E-01 2.0223E-01 2.0379E-01 2.0262E-01 2.1187E-01 2.0562E-01 1.9473E-01 1.8211E-01 1.8603E-01 1.8748E-01 2.1025E-01 2.0644E-01 2.0829E-01 2.3054E-01 2.2703E-01 2.2229E-01 2.2517E-01 2.5017E-01 2.6537E-01 2.8014E-01 2.6594E-01 2.5416E-01 2.4928E-01 2.2049E-01 2.0621E-01 2.0429E-01 2.2515E-01 2.3815E-01 2.4688E-01 2.3479E-01 2.2032E-01 2.1010E-01 2.1007E-01 2.0938E-01 1.8874E-01 2.1347E-01 2.3218E-01 2.4356E-01 2.3779E-01 2.1767E-01 2.1588E-01 2.0711E-01 1.8054E-01 1.9670E-01
8.3835E-02 1.0822E-01 1.2405E-01 1.3676E-01 1.4000E-01 1.4627E-01 1.5610E-01 1.6138E-01 1.6436E-01 1.6665E-01 1.6774E-01 1.7521E-01 1.8904E-01 1.9371E-01 1.9115E-01 1.9942E-01 2.0390E-01 1.9617E-01 1.9284E-01 1.7671E-01 1.7971E-01 1.7599E-01 1.9334E-01 1.9969E-01 2.0239E-01 2.1345E-01 2.2790E-01 2.1413E-01 2.1246E-01 2.2380E-01 2.4221E-01 2.6150E-01 2.6176E-01 2.4602E-01 2.4502E-01 2.3003E-01 2.0802E-01 1.9148E-01 1.9307E-01 2.1857E-01 2.3324E-01 2.4048E-01 2.2413E-01 2.0696E-01 2.0616E-01 2.0044E-01 2.0762E-01 1.8367E-01 2.1049E-01 2.2044E-01 2.3913E-01 2.2601E-01 2.1041E-01 2.0582E-01 1.9835E-01 1.7433E-01 1.8812E-01
8.3493E-02 1.0402E-01 1.2170E-01 1.3246E-01 1.3785E-01 1.4688E-01 1.5243E-01 1.5331E-01 1.5687E-01 1.6286E-01 1.6922E-01 1.8193E-01 1.8961E-01 1.8720E-01 1.9342E-01 1.9164E-01 1.9259E-01 1.8321E-01 1.7254E-01 1.7328E-01 1.6547E-01 1.8429E-01 1.9163E-01 1.9012E-01 1.9558E-01 2.1296E-01 2.0751E-01 1.9914E-01 2.1054E-01 2.2623E-01 2.5190E-01 2.5388E-01 2.4609E-01 2.3527E-01 2.3649E-01 2.1427E-01 1.9190E-01 1.8849E-01 2.0353E-01 2.0884E-01 2.2806E-01 2.2458E-01 2.0834E-01 1.9700E-01 1.9418E-01 1.9273E-01 1.9156E-01 1.7515E-01 1.9527E-01 2.1212E-01 2.2923E-01 2.1082E-01 2.0414E-01 2.0245E-01 1.9108E-01 1.6644E-01 1.8189E-01
8.1046E-02 1.0452E-01 1.1683E-01 1.2962E-01 1.3454E-01 1.4236E-01 1.4282E-01 1.4847E-01 1.5156E-01 1.6070E-01 1.6972E-01 1.7775E-01 1.7977E-01 1.8524E-01 1.8114E-01 1.8497E-01 1.7413E-01 1.7189E-01 1.6234E-01 1.6539E-01 1.6957E-01 1.7833E-01 1.8622E-01 1.7952E-01 1.9339E-01 2.0115E-01 1.9553E-01 1.9129E-01 2.0545E-01 2.2463E-01 2.4303E-01 2.4470E-01 2.2681E-01 2.2595E-01 2.1795E-01 2.0183E-01 1.8449E-01 1.7741E-01 2.0875E-01 2.0123E-01 2.1034E-01 2.1669E-01 2.0397E-01 1.8546E-01 1.8166E-01 1.8168E-01 1.8052E-01 1.7344E-01 1.9493E-01 2.0238E-01 2.1259E-01 1.9646E-01 1.9248E-01 1.9592E-01 1.7551E-01 1.5871E-01 1.7309E-01
7.3240E-02 9.7148E-02 1.1176E-01 1.2094E-01 1.2526E-01 1.2726E-01 1.3262E-01 1.3592E-01 1.4492E-01 1.5577E-01 1.6231E-01 1.6421E-01 1.6704E-01 1.6735E-01 1.6943E-01 1.6529E-01 1.6065E-01 1.5117E-01 1.5452E-01 1.5255E-01 1.6021E-01 1.6662E-01 1.7320E-01 1.7928E-01 1.8752E-01 1.8296E-01 1.7576E-01 1.7953E-01 1.9730E-01 2.1387E-01 2.1778E-01 2.1856E-01 2.1645E-01 2.0269E-01 1.9818E-01 1.7413E-01 1.6588E-01 1.7897E-01 1.9931E-01 1.9829E-01 2.0817E-01 2.0386E-01 1.7917E-01 1.7219E-01 1.6797E-01 1.7261E-01 1.5784E-01 1.6298E-01 1.9158E-01 1.9040E-01 1.9673E-01 1.7871E-01 1.7684E-01 1.8596E-01 1.6444E-01 1.4666E-01 1.5731E-01
6.5106E-02 8.4339E-02 1.0191E-01 1.0355E-01 1.0878E-01 1.1301E-01 1.1835E-01 1.2428E-01 1.3232E-01 1.4005E-01 1.4174E-01 1.4364E-01 1.4395E-01 1.5043E-01 1.4198E-01 1.4056E-01 1.3389E-01 1.3493E-01 1.3130E-01 1.4124E-01 1.4803E-01 1.5515E-01 1.4525E-01 1.5723E-01 1.5734E-01 1.5445E-01 1.6022E-01 1.6050E-01 1.8230E-01 1.9807E-01 1.9104E-01 1.8414E-01 1.8079E-01 1.7435E-01 1.7056E-01 1.4569E-01 1.5090E-01 1.6517E-01 1.7059E-01 1.7658E-01 1.8503E-01 1.7261E-01 1.5617E-01 1.5250E-01 1.4801E-01 1.5685E-01 1.3087E-01 1.4959E-01 1.6964E-01 1.6946E-01 1.7380E-01 1.5869E-01 1.6450E-01 1.6113E-01 1.4321E-01 1.3237E-01 1.4121E-01
5.1245E-02 6.7046E-02 7.4512E-02 8.2794E-02 8.4319E-02 8.9529E-02 8.9939E-02 9.7707E-02 1.0312E-01 1.0823E-01 1.1131E-01 1.0941E-01 1.1085E-01 1.1034E-01 1.0939E-01 1.0676E-01 1.0126E-01 1.0039E-01 1.0014E-01 1.1306E-01 1.0957E-01 1.1193E-01 1.1406E-01 1.2362E-01 1.2255E-01 1.1848E-01 1.1761E-01 1.2507E-01 1.3731E-01 1.4551E-01 1.4431E-01 1.3806E-01 1.3061E-01 1.3526E-01 1.2354E-01 1.1151E-01 1.1561E-01 1.2625E-01 1.2653E-01 1.3026E-01 1.3651E-01 1.2512E-01 1.1720E-01 1.1682E-01 1.1340E-01 1.1961E-01 1.0195E-01 1.1278E-01 1.2520E-01 1.2863E-01 1.2723E-01 1.2091E-01 1.2628E-01 1.2192E-01 1.1023E-01 1.0498E-01 1.0776E-01
