inst/extdata/p99_1h_conc.grd
ncols       100
nrows       100
xllcorner      7.375160000E+05
yllcorner      5.081320000E+06
cellsize      5.000000000E+01
nodata_value         -9
[rows 25 to 49 of 100, columns 0 to 56 of 100]
7.4328E-03 8.0870E-03 8.9243E-03 9.5597E-03 1.0125E-02 1.1125E-02 1.2269E-02 1.3156E-02 1.4945E-02 1.6494E-02 1.6028E-02 1.6591E-02 1.6679E-02 1.7286E-02 1.7415E-02 1.8833E-02 1.9788E-02 2.0605E-02 2.2259E-02 2.3743E-02 2.2590E-02 2.3049E-02 2.2358E-02 2.1354E-02 2.0276E-02 1.9138E-02 2.0564E-02 2.1715E-02 2.7279E-02 2.7818E-02 2.7131E-02 2.6374E-02 2.6026E-02 2.4038E-02 2.4056E-02 2.4035E-02 2.3914E-02 2.6035E-02 2.5890E-02 2.5391E-02 2.6046E-02 2.6657E-02 2.9184E-02 3.1242E-02 3.0463E-02 3.1685E-02 3.3941E-02 3.6213E-02 3.9339E-02 4.2888E-02 4.4687E-02 4.9123E-02 5.4516E-02 4.9485E-02 4.9903E-02 4.9849E-02 5.0096E-02
8.3806E-03 8.6726E-03 1.0093E-02 1.0806E-02 1.2015E-02 1.2323E-02 1.2752E-02 1.4763E-02 1.6219E-02 1.8462E-02 1.7900E-02 1.8859E-02 1.9128E-02 1.9685E-02 1.9896E-02 1.8762E-02 2.0964E-02 2.1064E-02 2.2566E-02 2.4074E-02 2.4080E-02 2.3888E-02 2.3178E-02 2.3687E-02 2.4007E-02 2.1984E-02 2.2035E-02 2.3325E-02 2.6564E-02 2.8374E-02 2.9343E-02 2.9118E-02 2.8270E-02 2.7782E-02 2.7533E-02 2.6157E-02 2.6299E-02 2.7647E-02 2.8914E-02 2.9272E-02 2.8884E-02 3.2327E-02 3.3628E-02 3.2553E-02 3.3302E-02 3.2880E-02 3.5296E-02 3.9485E-02 4.2438E-02 4.7065E-02 4.9096E-02 4.9279E-02 5.2657E-02 5.4486E-02 5.2147E-02 5.2127E-02 5.3937E-02
7.7570E-03 9.8269E-03 1.1374E-02 1.2199E-02 1.3001E-02 1.3400E-02 1.4245E-02 1.6272E-02 1.8140E-02 1.9035E-02 2.0494E-02 2.0066E-02 2.0548E-02 2.1164E-02 2.1389E-02 2.1512E-02 2.1247E-02 2.1748E-02 2.3228E-02 2.4451E-02 2.5304E-02 2.2674E-02 2.2661E-02 2.4480E-02 2.5088E-02 2.3794E-02 2.3856E-02 2.5236E-02 2.5564E-02 2.6541E-02 2.8425E-02 2.9547E-02 3.0028E-02 2.9374E-02 2.9208E-02 3.0052E-02 2.8028E-02 2.9306E-02 3.1951E-02 3.4759E-02 3.3960E-02 3.3474E-02 3.6991E-02 3.5469E-02 3.6948E-02 3.7759E-02 3.7496E-02 4.0857E-02 4.4617E-02 4.8882E-02 5.1885E-02 5.3425E-02 5.5718E-02 5.7451E-02 5.5707E-02 5.8397E-02 5.8191E-02
7.9099E-03 9.3286E-03 1.0927E-02 1.2271E-02 1.3560E-02 1.4241E-02 1.6357E-02 1.6370E-02 1.7667E-02 1.8587E-02 1.9879E-02 2.0549E-02 2.1385E-02 2.2748E-02 2.3251E-02 2.2616E-02 2.2700E-02 2.2718E-02 2.3885E-02 2.5002E-02 2.5941E-02 2.4017E-02 2.5055E-02 2.6545E-02 2.6949E-02 2.7039E-02 2.8121E-02 2.7493E-02 2.6919E-02 2.7672E-02 2.7904E-02 3.0240E-02 3.1591E-02 3.0284E-02 3.1213E-02 3.3622E-02 3.2090E-02 3.2104E-02 3.4571E-02 3.8234E-02 3.6781E-02 3.7795E-02 3.8243E-02 3.8414E-02 3.9829E-02 4.1325E-02 4.0840E-02 4.2962E-02 4.8995E-02 5.3093E-02 5.9243E-02 5.9953E-02 5.9670E-02 5.8945E-02 5.6688E-02 6.5317E-02 6.2941E-02
8.5384E-03 9.7208E-03 1.1065E-02 1.2883E-02 1.3928E-02 1.5638E-02 1.7729E-02 1.8138E-02 1.9113E-02 1.8771E-02 2.0727E-02 2.1205E-02 2.1692E-02 2.3594E-02 2.4947E-02 2.3488E-02 2.4602E-02 2.5254E-02 2.6956E-02 2.6167E-02 2.7775E-02 2.8572E-02 2.9343E-02 3.0088E-02 3.0804E-02 3.1494E-02 3.1798E-02 3.1418E-02 2.9110E-02 2.9947E-02 2.9307E-02 3.2596E-02 3.2978E-02 3.2638E-02 3.4561E-02 3.5523E-02 3.6389E-02 3.5850E-02 3.7511E-02 3.7294E-02 4.2239E-02 4.0684E-02 3.9699E-02 4.3310E-02 4.2205E-02 4.5342E-02 4.4580E-02 4.7576E-02 5.0936E-02 5.7146E-02 6.1957E-02 6.2715E-02 6.3103E-02 6.3747E-02 6.2727E-02 6.8445E-02 6.9790E-02
9.7634E-03 1.1032E-02 1.2138E-02 1.3823E-02 1.5651E-02 1.7054E-02 1.8318E-02 1.9667E-02 1.9629E-02 2.0127E-02 2.1174E-02 2.2825E-02 2.4519E-02 2.6249E-02 2.7372E-02 2.6861E-02 2.6379E-02 2.8160E-02 3.0132E-02 2.9760E-02 2.9484E-02 2.9687E-02 3.1518E-02 3.2682E-02 3.1279E-02 3.1958E-02 3.2589E-02 3.3112E-02 3.4335E-02 3.3227E-02 3.2166E-02 3.4376E-02 3.4755E-02 3.5991E-02 3.7427E-02 3.7206E-02 3.6600E-02 3.7654E-02 3.7864E-02 3.8888E-02 4.5344E-02 4.1722E-02 4.4936E-02 4.4717E-02 4.6107E-02 4.8139E-02 4.8731E-02 5.3996E-02 5.6159E-02 5.8344E-02 6.3392E-02 6.7234E-02 6.2239E-02 6.7289E-02 6.9456E-02 7.2676E-02 7.6830E-02
1.2151E-02 1.4106E-02 1.4654E-02 1.5990E-02 1.7644E-02 1.9332E-02 1.9996E-02 1.9943E-02 2.0102E-02 2.2057E-02 2.3024E-02 2.5023E-02 2.7167E-02 3.0126E-02 2.9523E-02 2.8559E-02 2.9441E-02 3.0001E-02 3.2242E-02 3.1598E-02 3.2531E-02 3.1948E-02 3.3550E-02 3.4697E-02 3.5528E-02 3.5607E-02 3.7141E-02 3.8028E-02 3.9000E-02 3.6407E-02 3.4627E-02 3.4715E-02 3.5825E-02 3.8864E-02 3.8276E-02 4.0345E-02 4.0402E-02 3.9955E-02 4.0935E-02 4.0807E-02 4.3470E-02 4.6401E-02 4.8840E-02 4.7687E-02 4.7379E-02 5.2379E-02 5.2622E-02 5.7406E-02 6.1901E-02 6.2735E-02 6.5542E-02 6.7142E-02 6.8214E-02 6.9721E-02 7.4843E-02 8.1793E-02 8.6478E-02
1.2632E-02 1.4912E-02 1.6647E-02 1.7626E-02 1.8888E-02 2.0171E-02 2.0650E-02 2.1296E-02 2.1938E-02 2.3218E-02 2.3361E-02 2.6418E-02 2.8801E-02 3.1585E-02 3.0979E-02 3.1235E-02 3.0183E-02 3.3867E-02 3.2584E-02 3.2529E-02 3.3846E-02 3.3821E-02 3.5449E-02 3.5820E-02 3.9328E-02 4.0119E-02 4.0354E-02 4.1161E-02 4.0324E-02 4.0709E-02 3.9380E-02 3.9041E-02 3.7710E-02 3.8864E-02 4.2082E-02 4.5727E-02 4.6549E-02 4.5337E-02 4.4278E-02 4.5357E-02 4.5580E-02 4.9208E-02 5.2706E-02 5.0785E-02 5.1751E-02 5.5532E-02 5.6670E-02 5.9967E-02 6.6465E-02 6.8006E-02 7.1308E-02 7.4366E-02 7.4054E-02 7.5607E-02 8.1451E-02 9.2829E-02 9.1417E-02
1.3088E-02 1.5716E-02 1.7342E-02 1.9271E-02 2.0923E-02 2.2752E-02 2.1924E-02 2.4010E-02 2.5204E-02 2.6094E-02 2.7631E-02 2.8893E-02 3.0573E-02 3.1892E-02 3.3954E-02 3.3952E-02 3.3176E-02 3.5760E-02 3.4112E-02 3.5512E-02 3.5585E-02 3.4950E-02 3.5874E-02 3.9822E-02 4.4331E-02 4.5951E-02 4.7582E-02 4.9472E-02 4.8731E-02 5.0330E-02 4.9242E-02 4.5799E-02 4.1352E-02 4.1008E-02 4.3219E-02 3.9247E-02 4.5989E-02 5.2803E-02 5.2561E-02 4.8687E-02 5.1497E-02 5.2080E-02 5.6487E-02 5.4081E-02 5.4997E-02 5.7094E-02 6.0140E-02 6.2730E-02 6.7318E-02 6.8986E-02 7.6796E-02 8.1566E-02 8.0742E-02 8.2338E-02 9.6166E-02 1.0462E-01 1.0044E-01
1.3409E-02 1.6626E-02 1.8214E-02 1.9410E-02 2.0744E-02 2.3910E-02 2.5092E-02 2.8037E-02 2.8209E-02 2.9756E-02 2.8447E-02 3.0570E-02 3.3746E-02 3.7391E-02 3.4657E-02 3.3353E-02 3.4291E-02 3.7260E-02 3.6856E-02 3.8988E-02 3.8712E-02 3.8527E-02 4.0303E-02 4.0305E-02 4.3940E-02 4.7940E-02 5.1676E-02 5.2386E-02 5.5319E-02 5.7184E-02 5.3166E-02 5.4878E-02 5.5322E-02 5.0747E-02 4.5934E-02 4.4346E-02 4.4381E-02 4.8774E-02 5.6345E-02 5.4787E-02 5.5233E-02 5.7199E-02 6.0438E-02 5.9066E-02 6.0421E-02 5.6877E-02 6.3744E-02 6.8407E-02 7.4494E-02 7.8604E-02 8.4961E-02 8.5671E-02 8.8494E-02 9.0124E-02 1.0464E-01 1.0847E-01 1.0517E-01
1.3137E-02 1.6314E-02 1.8684E-02 2.0581E-02 2.3533E-02 2.6354E-02 2.7934E-02 3.0763E-02 3.1367E-02 3.1451E-02 3.2578E-02 3.2448E-02 3.1748E-02 3.5702E-02 3.8140E-02 3.8908E-02 3.9251E-02 3.9541E-02 4.0865E-02 4.3480E-02 4.4017E-02 4.0465E-02 4.2651E-02 4.5332E-02 4.7042E-02 5.0555E-02 5.5054E-02 5.6509E-02 5.6575E-02 5.9403E-02 6.2719E-02 5.7950E-02 5.7702E-02 5.5317E-02 5.2774E-02 5.2646E-02 4.8394E-02 5.5025E-02 5.7979E-02 6.0945E-02 5.9563E-02 6.5018E-02 6.6780E-02 6.7597E-02 6.6115E-02 6.3929E-02 6.8608E-02 7.4733E-02 8.9624E-02 8.7006E-02 9.7721E-02 9.1285E-02 9.7184E-02 1.0201E-01 1.1192E-01 1.1798E-01 1.1542E-01
1.4290E-02 1.6343E-02 1.8191E-02 2.0421E-02 2.2731E-02 2.6150E-02 2.8585E-02 3.2022E-02 3.4547E-02 3.5345E-02 3.5456E-02 3.5074E-02 3.7911E-02 3.6503E-02 3.7442E-02 3.8362E-02 4.0259E-02 4.5588E-02 4.5797E-02 4.7098E-02 4.5992E-02 4.4689E-02 4.8750E-02 4.7822E-02 4.7351E-02 5.1672E-02 5.5913E-02 5.7093E-02 6.2776E-02 6.4349E-02 6.3042E-02 6.6411E-02 6.2271E-02 6.6542E-02 5.9879E-02 6.0904E-02 5.6809E-02 5.6372E-02 5.9295E-02 6.4761E-02 6.7538E-02 6.8592E-02 7.2605E-02 7.7173E-02 7.6094E-02 7.4318E-02 7.7057E-02 8.3038E-02 9.5366E-02 9.7691E-02 1.0638E-01 1.0359E-01 1.0677E-01 1.2116E-01 1.2689E-01 1.2580E-01 1.1960E-01
1.6023E-02 1.8823E-02 2.0867E-02 2.4335E-02 2.7628E-02 2.7914E-02 2.7671E-02 3.0969E-02 3.1847E-02 3.5020E-02 3.6559E-02 4.0171E-02 4.0435E-02 4.0498E-02 4.1816E-02 4.4856E-02 4.1433E-02 4.7622E-02 5.1722E-02 5.8825E-02 5.6629E-02 5.6266E-02 5.2386E-02 5.2727E-02 5.6179E-02 5.4683E-02 5.6183E-02 5.8653E-02 6.0053E-02 6.4381E-02 6.9083E-02 6.7011E-02 6.5962E-02 6.9158E-02 6.9711E-02 6.4657E-02 6.9682E-02 6.4246E-02 6.1584E-02 6.8060E-02 7.5597E-02 7.7909E-02 7.8394E-02 8.8103E-02 8.7605E-02 8.7029E-02 8.7284E-02 9.6738E-02 1.0817E-01 1.1230E-01 1.2225E-01 1.1813E-01 1.3310E-01 1.3430E-01 1.3946E-01 1.3082E-01 1.3807E-01
1.8911E-02 2.1877E-02 2.4211E-02 2.6308E-02 2.9302E-02 3.0407E-02 3.1749E-02 3.2834E-02 3.4104E-02 3.4694E-02 3.7689E-02 4.1269E-02 4.3455E-02 4.5044E-02 4.6794E-02 4.7541E-02 4.8490E-02 5.2408E-02 5.4186E-02 5.3280E-02 5.8763E-02 6.0491E-02 6.0396E-02 6.4681E-02 6.0424E-02 6.0271E-02 6.0808E-02 6.7269E-02 6.7096E-02 6.5092E-02 7.2033E-02 8.0505E-02 7.6075E-02 7.4178E-02 7.5283E-02 7.5632E-02 7.3042E-02 7.2133E-02 7.0080E-02 7.5231E-02 7.4529E-02 8.2576E-02 9.2495E-02 9.7610E-02 1.0242E-01 1.0508E-01 9.7454E-02 1.1126E-01 1.1929E-01 1.1759E-01 1.2398E-01 1.3624E-01 1.4886E-01 1.6417E-01 1.7056E-01 1.5650E-01 1.5955E-01
2.0859E-02 2.5352E-02 2.8541E-02 3.1343E-02 3.3341E-02 3.5077E-02 3.6044E-02 3.6614E-02 3.8531E-02 4.0613E-02 4.1080E-02 4.2286E-02 4.3837E-02 4.8025E-02 4.7528E-02 4.8722E-02 4.8476E-02 5.2556E-02 5.4652E-02 5.8678E-02 6.2684E-02 6.3724E-02 6.4874E-02 6.6214E-02 6.9370E-02 6.9574E-02 7.0996E-02 7.3549E-02 7.8533E-02 7.8978E-02 7.1265E-02 7.9178E-02 8.4609E-02 8.3549E-02 7.8134E-02 8.5609E-02 8.2635E-02 7.9625E-02 7.6950E-02 8.0979E-02 7.7354E-02 8.7405E-02 9.2029E-02 9.7546E-02 1.0516E-01 1.1859E-01 1.1768E-01 1.2306E-01 1.3183E-01 1.3329E-01 1.4933E-01 1.5630E-01 1.7032E-01 1.7593E-01 1.7407E-01 1.8623E-01 1.8739E-01
2.3839E-02 2.8267E-02 3.1239E-02 3.4383E-02 3.6263E-02 3.8644E-02 4.0101E-02 4.2964E-02 4.3660E-02 4.2823E-02 4.4423E-02 4.8200E-02 4.9583E-02 5.1140E-02 5.3946E-02 5.1612E-02 5.5966E-02 5.9519E-02 6.2445E-02 6.3527E-02 6.2710E-02 6.4899E-02 6.6970E-02 7.0373E-02 7.6388E-02 7.4669E-02 8.1275E-02 8.4602E-02 8.2925E-02 8.6065E-02 8.6431E-02 8.4914E-02 8.4988E-02 8.1143E-02 9.1923E-02 8.6236E-02 8.8015E-02 9.0326E-02 8.4591E-02 8.4537E-02 8.6099E-02 9.0517E-02 9.1792E-02 1.0396E-01 1.0851E-01 1.2705E-01 1.1993E-01 1.2773E-01 1.4431E-01 1.6151E-01 1.6595E-01 1.6780E-01 1.9435E-01 2.1568E-01 2.0501E-01 2.2197E-01 2.1613E-01
2.3922E-02 2.9868E-02 3.5667E-02 3.8131E-02 4.2001E-02 4.2619E-02 4.4952E-02 4.5094E-02 4.7724E-02 4.9111E-02 5.2271E-02 5.2254E-02 5.5911E-02 5.6375E-02 5.8057E-02 5.9711E-02 6.0028E-02 6.0988E-02 6.3097E-02 6.8775E-02 7.2335E-02 6.6887E-02 6.7612E-02 7.3069E-02 8.1909E-02 8.6586E-02 9.1951E-02 9.2664E-02 9.5238E-02 9.9296E-02 1.0128E-01 9.4638E-02 9.6046E-02 9.5674E-02 9.1666E-02 9.5553E-02 9.5616E-02 1.0315E-01 9.7871E-02 1.0372E-01 1.0268E-01 9.7229E-02 1.0577E-01 1.1089E-01 1.1951E-01 1.3048E-01 1.3770E-01 1.3860E-01 1.5869E-01 1.7344E-01 1.7723E-01 1.9466E-01 2.2641E-01 2.4540E-01 2.4628E-01 2.5913E-01 2.4604E-01
2.7950E-02 3.4117E-02 3.9421E-02 4.4961E-02 4.8419E-02 4.9557E-02 5.0251E-02 5.0705E-02 5.1042E-02 5.1520E-02 5.3593E-02 5.7333E-02 6.0948E-02 6.0678E-02 6.2755E-02 6.2677E-02 6.3518E-02 6.7828E-02 7.1254E-02 7.5452E-02 7.6022E-02 7.6731E-02 7.9733E-02 7.9957E-02 8.3178E-02 8.6612E-02 9.1130E-02 9.9301E-02 1.0033E-01 1.0074E-01 1.1002E-01 1.0934E-01 1.0821E-01 9.9079E-02 9.3899E-02 1.0296E-01 1.0756E-01 1.1190E-01 1.1490E-01 1.1723E-01 1.2898E-01 1.1301E-01 1.0767E-01 1.3250E-01 1.3269E-01 1.4757E-01 1.4384E-01 1.5165E-01 1.6079E-01 1.9089E-01 1.9942E-01 2.1372E-01 2.6180E-01 2.6042E-01 2.9946E-01 2.9105E-01 3.0380E-01
2.7439E-02 3.4672E-02 3.8597E-02 4.1946E-02 4.9560E-02 5.4973E-02 5.6068E-02 5.9951E-02 6.1859E-02 6.0851E-02 5.9483E-02 6.1684E-02 6.3024E-02 6.7535E-02 6.7166E-02 6.8351E-02 7.3504E-02 7.3563E-02 7.6031E-02 7.9351E-02 8.1455E-02 8.4703E-02 8.8698E-02 9.0264E-02 9.6041E-02 9.7249E-02 9.8969E-02 1.0109E-01 1.1357E-01 1.1360E-01 1.1912E-01 1.1323E-01 1.1135E-01 1.1799E-01 1.1687E-01 1.1429E-01 1.2299E-01 1.3105E-01 1.2991E-01 1.3726E-01 1.3177E-01 1.3752E-01 1.3602E-01 1.3695E-01 1.5768E-01 1.7524E-01 1.8052E-01 1.8374E-01 1.8527E-01 2.1897E-01 2.2755E-01 2.6749E-01 2.9222E-01 3.1134E-01 3.4523E-01 3.8461E-01 3.5508E-01
3.0654E-02 3.6719E-02 4.2805E-02 4.5608E-02 4.8965E-02 5.2809E-02 5.5570E-02 5.9438E-02 6.2033E-02 6.3830E-02 6.9603E-02 6.7662E-02 7.5621E-02 7.3134E-02 7.6810E-02 7.7401E-02 7.9227E-02 8.2265E-02 8.2085E-02 8.4563E-02 8.4338E-02 8.5245E-02 9.3746E-02 9.4395E-02 9.6664E-02 9.8548E-02 1.0085E-01 1.0736E-01 1.1100E-01 1.1767E-01 1.2372E-01 1.2387E-01 1.1820E-01 1.2468E-01 1.3525E-01 1.4079E-01 1.3717E-01 1.4529E-01 1.5560E-01 1.5696E-01 1.5295E-01 1.5301E-01 1.4845E-01 1.5709E-01 1.7563E-01 2.1296E-01 2.0884E-01 2.1249E-01 2.2179E-01 2.5321E-01 2.7679E-01 3.1484E-01 3.8217E-01 4.0420E-01 4.4016E-01 4.1485E-01 4.2001E-01
3.0665E-02 3.7101E-02 4.3310E-02 4.8052E-02 5.0820E-02 5.5203E-02 5.8792E-02 6.6287E-02 6.7045E-02 6.8844E-02 7.0545E-02 6.8503E-02 7.5068E-02 7.9411E-02 8.0684E-02 8.3219E-02 8.6590E-02 8.8328E-02 8.9035E-02 8.6096E-02 9.0306E-02 9.2135E-02 9.6059E-02 9.8087E-02 9.6609E-02 1.0581E-01 1.0819E-01 1.0320E-01 1.1930E-01 1.1858E-01 1.1777E-01 1.1491E-01 1.1720E-01 1.2089E-01 1.3259E-01 1.3289E-01 1.4786E-01 1.6895E-01 1.8391E-01 1.7556E-01 1.8016E-01 1.8834E-01 1.8360E-01 1.8652E-01 2.0225E-01 2.1531E-01 2.4629E-01 2.6235E-01 2.7322E-01 3.4077E-01 3.3383E-01 4.2661E-01 5.1034E-01 5.9300E-01 6.0887E-01 5.7406E-01 6.0687E-01
2.9437E-02 3.6136E-02 4.1971E-02 4.6231E-02 5.0584E-02 5.6323E-02 5.8444E-02 6.1726E-02 6.6525E-02 6.8719E-02 6.9451E-02 7.3763E-02 7.8308E-02 8.3278E-02 8.6766E-02 8.5834E-02 8.5555E-02 9.0552E-02 9.4297E-02 9.8619E-02 1.0049E-01 1.0110E-01 1.0451E-01 1.0388E-01 1.0618E-01 1.1210E-01 1.1536E-01 1.2103E-01 1.2398E-01 1.2684E-01 1.2583E-01 1.2969E-01 1.3258E-01 1.3248E-01 1.4163E-01 1.4776E-01 1.5920E-01 1.7841E-01 1.9483E-01 2.0822E-01 2.2528E-01 2.2969E-01 2.2177E-01 2.4157E-01 2.2830E-01 2.7266E-01 3.1019E-01 3.5513E-01 3.6816E-01 4.7406E-01 5.1630E-01 6.0219E-01 7.5544E-01 9.0835E-01 8.2919E-01 9.8730E-01 9.0125E-01
2.9807E-02 3.6090E-02 4.5225E-02 4.8885E-02 5.2820E-02 5.4694E-02 5.7041E-02 6.0205E-02 6.3934E-02 6.3547E-02 6.7708E-02 7.1569E-02 7.7361E-02 8.5507E-02 8.9691E-02 9.3780E-02 9.6334E-02 9.8960E-02 1.0592E-01 1.0639E-01 1.1179E-01 1.1558E-01 1.1938E-01 1.2067E-01 1.2022E-01 1.2136E-01 1.3314E-01 1.3517E-01 1.4278E-01 1.4716E-01 1.5505E-01 1.5622E-01 1.5697E-01 1.5934E-01 1.6212E-01 1.6282E-01 1.7363E-01 1.9195E-01 2.0876E-01 2.1005E-01 2.4597E-01 2.5590E-01 2.6907E-01 3.0650E-01 3.2118E-01 3.3990E-01 4.1761E-01 4.3246E-01 5.9341E-01 7.2386E-01 9.0080E-01 1.1358E+00 1.4378E+00 1.6410E+00 1.8031E+00 1.6897E+00 1.2459E+00
2.9931E-02 3.5872E-02 4.2943E-02 5.0508E-02 5.3673E-02 5.5974E-02 6.0677E-02 6.7997E-02 7.2520E-02 7.1512E-02 7.2861E-02 7.2585E-02 7.4859E-02 8.0954E-02 8.8269E-02 9.1749E-02 9.4614E-02 1.0044E-01 1.0590E-01 1.1386E-01 1.1545E-01 1.1985E-01 1.2514E-01 1.2546E-01 1.3415E-01 1.4002E-01 1.4352E-01 1.5168E-01 1.5714E-01 1.6131E-01 1.7151E-01 1.7588E-01 1.8277E-01 1.9558E-01 2.1773E-01 2.2529E-01 2.3126E-01 2.3890E-01 2.5529E-01 2.6418E-01 2.8935E-01 3.1339E-01 3.5190E-01 3.9888E-01 4.3589E-01 5.4268E-01 6.6120E-01 7.5986E-01 9.1881E-01 1.4061E+00 1.9816E+00 2.7142E+00 3.9274E+00 4.0275E+00 3.2099E+00 2.2725E+00 1.6401E+00
2.9927E-02 3.7885E-02 4.4461E-02 5.0493E-02 5.6531E-02 5.9020E-02 6.2323E-02 6.6630E-02 7.1137E-02 7.3517E-02 7.6178E-02 7.7944E-02 8.5642E-02 8.8420E-02 9.4089E-02 9.4567E-02 9.9539E-02 9.9734E-02 1.0704E-01 1.1592E-01 1.1925E-01 1.2175E-01 1.2819E-01 1.3349E-01 1.4467E-01 1.5710E-01 1.5951E-01 1.6143E-01 1.6568E-01 1.7131E-01 1.7959E-01 2.0341E-01 2.1759E-01 2.2609E-01 2.6368E-01 2.7118E-01 3.0107E-01 3.5525E-01 3.7408E-01 4.3221E-01 4.2656E-01 4.3614E-01 5.0374E-01 5.5805E-01 6.8746E-01 8.9385E-01 1.1556E+00 1.4057E+00 2.3215E+00 3.0805E+00 5.6201E+00 1.0431E+01 1.1725E+01 8.3730E+00 5.2799E+00 3.6836E+00 2.4711E+00
