inst/extdata/p99_1h_conc.grd
ncols       100
nrows       100
xllcorner      7.375160000E+05
yllcorner      5.081320000E+06
cellsize      5.000000000E+01
nodata_value         -9
[rows 50 to 74 of 100, columns 0 to 56 of 100]
3.1336E-02 4.0706E-02 4.9112E-02 5.3023E-02 5.5690E-02 6.0090E-02 6.6229E-02 6.6497E-02 7.0250E-02 7.5019E-02 8.0790E-02 8.3695E-02 8.8066E-02 9.2306E-02 9.9464E-02 1.0397E-01 1.0845E-01 1.1274E-01 1.1980E-01 1.2148E-01 1.2917E-01 1.3410E-01 1.3383E-01 1.4545E-01 1.5367E-01 1.6822E-01 1.7097E-01 1.7811E-01 1.9777E-01 2.0793E-01 2.2151E-01 2.3066E-01 2.3606E-01 2.3880E-01 2.7235E-01 3.1683E-01 3.6211E-01 3.7904E-01 4.4463E-01 4.6403E-01 5.8582E-01 7.1163E-01 8.0596E-01 1.0204E+00 1.2273E+00 1.6770E+00 2.3047E+00 3.4462E+00 6.7246E+00 1.5288E+01 5.5400E+01 4.8621E+01 2.4710E+01 1.4284E+01 7.5979E+00 3.9489E+00 2.3987E+00
3.6077E-02 4.4603E-02 5.4582E-02 6.0838E-02 6.6870E-02 6.9693E-02 7.2019E-02 7.7048E-02 7.9514E-02 8.0889E-02 8.6399E-02 8.7305E-02 9.1897E-02 9.7531E-02 1.0292E-01 1.0814E-01 1.1179E-01 1.1489E-01 1.2117E-01 1.3240E-01 1.3875E-01 1.3886E-01 1.4298E-01 1.5374E-01 1.5637E-01 1.6612E-01 1.7729E-01 1.9424E-01 2.1468E-01 2.3043E-01 2.5235E-01 2.6340E-01 2.8064E-01 3.1081E-01 3.1511E-01 3.5847E-01 3.8635E-01 4.4520E-01 5.1643E-01 5.9917E-01 7.1074E-01 8.8271E-01 1.0929E+00 1.3641E+00 1.9061E+00 2.8821E+00 4.6458E+00 7.6064E+00 1.4125E+01 3.4853E+01 2.0603E+02 3.0936E+02 3.9011E+01 1.4242E+01 6.7115E+00 3.4785E+00 2.0312E+00
3.8512E-02 4.9386E-02 5.7434E-02 6.4874E-02 6.8949E-02 7.3600E-02 8.0863E-02 8.3433E-02 8.3096E-02 8.6328E-02 8.9285E-02 9.4025E-02 9.8835E-02 1.0421E-01 1.0892E-01 1.1613E-01 1.1991E-01 1.3126E-01 1.3548E-01 1.3459E-01 1.4361E-01 1.5304E-01 1.5630E-01 1.6141E-01 1.8514E-01 2.0005E-01 2.1569E-01 2.3316E-01 2.6087E-01 2.7857E-01 2.9492E-01 3.1594E-01 3.5118E-01 3.7818E-01 3.9827E-01 4.2314E-01 4.7947E-01 5.1629E-01 5.7561E-01 6.6641E-01 8.5113E-01 1.0234E+00 1.3525E+00 1.8741E+00 2.5308E+00 3.6177E+00 6.1567E+00 8.8385E+00 1.7985E+01 3.5895E+01 9.6468E+01 1.1991E+02 3.4716E+01 1.5091E+01 7.2713E+00 3.6358E+00 2.0891E+00
3.9015E-02 4.8161E-02 5.7701E-02 6.5021E-02 6.7306E-02 7.4040E-02 7.3578E-02 8.0642E-02 8.3742E-02 8.4809E-02 8.7962E-02 9.2286E-02 9.7824E-02 1.0633E-01 1.1512E-01 1.2016E-01 1.3124E-01 1.4005E-01 1.4711E-01 1.4878E-01 1.6262E-01 1.6951E-01 1.7655E-01 1.8596E-01 2.0400E-01 2.1406E-01 2.3355E-01 2.5623E-01 2.8748E-01 3.0915E-01 3.2075E-01 3.1843E-01 3.2716E-01 3.4606E-01 4.2945E-01 4.7425E-01 5.3909E-01 6.2716E-01 7.8485E-01 8.6682E-01 1.0136E+00 1.2348E+00 1.5259E+00 1.9223E+00 2.3608E+00 4.2936E+00 6.0225E+00 8.6702E+00 1.6427E+01 2.1737E+01 3.3460E+01 3.3358E+01 2.1029E+01 1.0540E+01 6.3781E+00 3.8039E+00 2.4725E+00
4.1005E-02 5.0964E-02 5.9820E-02 6.5805E-02 6.7533E-02 7.2227E-02 7.5752E-02 7.7767E-02 8.1404E-02 8.5767E-02 9.0475E-02 9.9088E-02 1.0312E-01 1.1054E-01 1.1482E-01 1.2005E-01 1.2809E-01 1.2839E-01 1.4360E-01 1.6004E-01 1.6657E-01 1.8108E-01 1.9555E-01 2.1005E-01 2.2456E-01 2.1975E-01 2.4461E-01 2.6442E-01 2.6730E-01 2.9188E-01 3.1521E-01 3.2007E-01 3.4289E-01 3.8902E-01 4.3568E-01 4.7939E-01 5.2362E-01 6.7416E-01 8.7470E-01 9.0722E-01 9.9933E-01 1.0599E+00 1.6656E+00 2.0175E+00 2.6784E+00 3.5319E+00 5.2944E+00 7.7777E+00 1.0094E+01 1.2232E+01 1.4614E+01 1.4327E+01 1.1798E+01 6.9127E+00 4.4812E+00 2.9052E+00 2.0449E+00
4.3268E-02 5.5255E-02 6.5283E-02 6.9249E-02 7.3188E-02 7.5375E-02 7.7777E-02 8.2416E-02 9.0688E-02 9.2532E-02 1.0067E-01 1.0490E-01 1.1111E-01 1.1763E-01 1.1658E-01 1.2726E-01 1.2644E-01 1.3730E-01 1.4011E-01 1.4138E-01 1.5486E-01 1.8098E-01 1.9472E-01 2.0135E-01 2.0488E-01 2.2096E-01 2.2992E-01 2.4671E-01 2.6391E-01 2.8230E-01 2.9693E-01 3.5538E-01 3.8749E-01 3.9846E-01 4.6207E-01 4.9023E-01 5.8542E-01 6.3491E-01 7.4789E-01 9.4966E-01 1.2253E+00 1.3385E+00 1.6158E+00 1.9612E+00 2.7056E+00 4.2635E+00 4.9152E+00 5.8928E+00 7.2030E+00 7.9626E+00 7.7157E+00 7.8238E+00 6.8310E+00 4.8856E+00 3.1128E+00 2.3740E+00 1.7478E+00
4.3748E-02 5.7760E-02 6.6401E-02 7.2895E-02 7.8156E-02 8.3624E-02 8.7580E-02 9.2480E-02 9.5815E-02 1.0273E-01 1.0684E-01 1.0602E-01 1.0759E-01 1.0896E-01 1.1026E-01 1.1257E-01 1.1857E-01 1.2711E-01 1.3357E-01 1.4449E-01 1.5919E-01 1.7224E-01 1.8327E-01 1.9439E-01 2.1176E-01 2.2726E-01 2.4744E-01 2.5646E-01 2.6786E-01 2.8721E-01 3.3017E-01 3.2187E-01 3.7470E-01 4.2688E-01 4.9422E-01 5.8188E-01 6.8036E-01 8.0399E-01 9.1672E-01 9.2757E-01 1.2580E+00 1.3606E+00 1.6236E+00 2.2536E+00 2.8752E+00 3.2470E+00 3.8855E+00 4.3514E+00 4.9150E+00 5.1950E+00 4.9126E+00 4.8943E+00 4.3886E+00 3.8681E+00 2.8025E+00 1.7380E+00 1.6144E+00
4.4007E-02 5.5447E-02 6.2571E-02 6.8250E-02 7.5677E-02 8.2034E-02 8.6830E-02 9.2833E-02 9.4509E-02 9.7417E-02 1.0018E-01 1.0142E-01 1.0328E-01 1.0542E-01 1.1068E-01 1.1790E-01 1.2452E-01 1.2873E-01 1.3437E-01 1.4839E-01 1.6455E-01 1.8048E-01 1.8765E-01 1.9479E-01 2.0425E-01 2.2723E-01 2.5791E-01 2.6314E-01 2.8175E-01 3.2950E-01 3.6315E-01 4.0902E-01 4.7163E-01 5.5908E-01 6.1156E-01 7.0042E-01 7.8333E-01 8.0523E-01 8.9524E-01 1.0701E+00 1.1980E+00 1.3675E+00 1.8672E+00 2.1253E+00 2.0950E+00 2.5861E+00 3.1202E+00 3.3978E+00 4.3104E+00 3.6915E+00 3.2801E+00 3.2983E+00 2.9973E+00 2.8834E+00 2.3087E+00 1.6290E+00 1.3358E+00
4.3964E-02 5.6160E-02 6.2054E-02 6.7226E-02 7.3348E-02 7.7790E-02 8.4750E-02 9.1378E-02 9.3301E-02 9.9757E-02 1.0297E-01 1.0238E-01 1.0645E-01 1.0976E-01 1.1593E-01 1.2019E-01 1.2478E-01 1.3108E-01 1.3953E-01 1.4674E-01 1.5387E-01 1.6525E-01 1.8128E-01 2.0316E-01 2.2754E-01 2.5504E-01 2.8025E-01 3.0075E-01 3.3337E-01 3.6906E-01 4.5845E-01 5.1564E-01 5.5270E-01 6.1361E-01 6.7310E-01 7.2196E-01 7.8243E-01 8.9673E-01 9.8599E-01 1.0428E+00 1.2081E+00 1.5487E+00 1.5866E+00 1.5500E+00 1.8669E+00 2.3859E+00 2.5938E+00 2.8590E+00 3.1583E+00 2.7231E+00 2.4826E+00 2.4402E+00 2.1907E+00 2.3768E+00 2.1037E+00 1.5736E+00 1.1449E+00
4.2835E-02 5.4544E-02 6.4096E-02 6.9776E-02 7.3160E-02 7.7991E-02 8.2498E-02 8.3944E-02 9.0106E-02 9.6748E-02 1.0053E-01 1.0529E-01 1.1047E-01 1.0996E-01 1.1142E-01 1.2010E-01 1.2388E-01 1.3391E-01 1.4274E-01 1.5675E-01 1.7041E-01 1.8753E-01 2.1069E-01 2.2402E-01 2.4307E-01 2.5949E-01 2.9812E-01 3.7038E-01 4.2359E-01 4.5439E-01 4.9530E-01 5.6132E-01 6.0985E-01 6.5175E-01 6.9413E-01 8.1854E-01 8.4862E-01 8.6089E-01 8.7990E-01 1.0865E+00 1.2163E+00 1.2261E+00 1.2647E+00 1.4521E+00 1.8927E+00 1.8375E+00 2.1720E+00 2.5733E+00 2.2293E+00 2.2106E+00 2.0329E+00 2.0455E+00 1.9307E+00 1.9405E+00 1.7682E+00 1.4618E+00 1.2281E+00
4.2247E-02 5.2523E-02 6.1272E-02 6.7814E-02 7.4193E-02 7.6531E-02 7.9541E-02 8.3989E-02 8.7815E-02 9.0786E-02 9.4220E-02 9.9329E-02 1.0673E-01 1.1080E-01 1.2076E-01 1.2836E-01 1.3719E-01 1.4398E-01 1.5068E-01 1.6569E-01 1.7872E-01 1.9896E-01 2.2478E-01 2.5631E-01 3.1639E-01 3.5290E-01 3.8057E-01 4.2562E-01 4.8458E-01 5.0999E-01 5.5044E-01 5.7988E-01 6.4094E-01 7.2854E-01 7.5727E-01 7.5705E-01 8.0739E-01 8.6453E-01 9.9690E-01 1.0489E+00 1.0280E+00 1.0428E+00 1.1500E+00 1.4717E+00 1.3794E+00 1.5947E+00 1.9316E+00 2.0750E+00 1.9104E+00 1.8081E+00 1.7781E+00 1.7410E+00 1.5883E+00 1.6990E+00 1.4893E+00 1.5375E+00 1.1492E+00
4.0080E-02 5.1467E-02 5.7790E-02 6.5036E-02 6.8295E-02 7.6084E-02 7.8278E-02 8.1148E-02 8.2858E-02 8.6694E-02 9.6472E-02 1.0560E-01 1.1380E-01 1.2429E-01 1.3170E-01 1.3919E-01 1.4873E-01 1.5644E-01 1.6721E-01 1.9936E-01 2.1968E-01 2.6222E-01 2.9424E-01 3.2791E-01 3.6565E-01 3.8783E-01 4.3280E-01 4.5689E-01 4.8605E-01 5.3103E-01 5.8321E-01 6.3470E-01 6.9785E-01 6.7769E-01 7.3949E-01 7.5345E-01 8.1479E-01 9.3167E-01 8.7707E-01 8.7160E-01 9.2417E-01 1.0267E+00 1.2229E+00 1.2944E+00 1.3421E+00 1.4861E+00 1.7790E+00 1.5774E+00 1.6150E+00 1.4240E+00 1.6136E+00 1.5438E+00 1.4379E+00 1.3662E+00 1.4450E+00 1.3570E+00 1.1781E+00
3.9703E-02 5.0281E-02 6.0589E-02 6.6698E-02 7.1182E-02 7.9999E-02 8.7116E-02 9.1134E-02 8.8793E-02 9.9797E-02 1.0796E-01 1.1448E-01 1.2494E-01 1.3170E-01 1.4153E-01 1.5465E-01 1.7141E-01 1.8660E-01 2.1516E-01 2.4011E-01 2.7407E-01 3.0314E-01 3.2784E-01 3.4998E-01 3.9169E-01 4.0924E-01 4.2511E-01 4.5355E-01 4.9913E-01 5.5377E-01 6.0802E-01 6.2989E-01 6.4409E-01 7.0004E-01 7.1747E-01 8.0101E-01 8.4279E-01 7.7849E-01 8.3026E-01 8.5892E-01 9.2617E-01 1.0799E+00 1.0977E+00 1.1297E+00 1.1893E+00 1.3611E+00 1.4064E+00 1.3714E+00 1.3457E+00 1.2740E+00 1.3975E+00 1.3502E+00 1.2611E+00 1.1581E+00 1.2611E+00 1.1651E+00 1.2076E+00
4.4533E-02 5.5513E-02 6.2944E-02 7.4185E-02 8.1970E-02 8.7402E-02 9.2014E-02 9.1783E-02 1.0363E-01 1.0916E-01 1.1366E-01 1.2152E-01 1.2701E-01 1.4621E-01 1.6060E-01 1.7724E-01 1.9940E-01 2.2403E-01 2.5269E-01 2.8451E-01 2.8902E-01 3.0526E-01 3.4060E-01 3.5402E-01 3.7372E-01 4.0959E-01 4.3349E-01 4.6893E-01 5.1710E-01 5.5920E-01 5.7415E-01 6.2992E-01 6.4768E-01 6.6122E-01 7.4818E-01 7.5768E-01 7.3936E-01 7.4040E-01 7.6158E-01 8.3956E-01 8.8257E-01 9.4960E-01 1.0161E+00 1.0266E+00 1.1104E+00 1.2600E+00 1.1283E+00 1.2831E+00 1.1139E+00 1.1600E+00 1.2036E+00 1.1340E+00 1.1836E+00 1.0220E+00 1.1030E+00 1.0249E+00 1.0989E+00
4.4212E-02 5.6165E-02 6.7273E-02 7.8283E-02 8.8956E-02 9.7308E-02 1.0059E-01 1.0714E-01 1.1170E-01 1.1383E-01 1.2534E-01 1.3827E-01 1.5160E-01 1.6982E-01 1.9674E-01 2.1137E-01 2.3536E-01 2.5007E-01 2.6086E-01 2.7445E-01 2.9314E-01 3.0107E-01 3.4432E-01 3.6098E-01 3.7278E-01 3.9610E-01 4.2718E-01 4.7366E-01 4.7772E-01 5.2534E-01 5.7390E-01 5.9496E-01 6.6387E-01 6.9408E-01 7.1627E-01 6.9137E-01 6.7920E-01 7.2841E-01 7.7466E-01 7.6492E-01 8.3647E-01 9.2343E-01 9.6620E-01 9.9779E-01 1.0261E+00 1.0609E+00 1.0164E+00 1.0782E+00 1.0177E+00 1.0480E+00 1.1194E+00 1.0125E+00 1.0762E+00 9.4594E-01 9.7718E-01 9.3673E-01 9.5918E-01
4.9814E-02 6.3271E-02 7.2514E-02 8.4329E-02 9.3598E-02 1.0090E-01 1.0884E-01 1.1382E-01 1.2507E-01 1.3467E-01 1.4868E-01 1.6877E-01 1.8294E-01 2.0255E-01 2.1620E-01 2.2787E-01 2.3495E-01 2.4759E-01 2.6371E-01 2.8193E-01 3.0639E-01 3.0867E-01 3.2351E-01 3.4593E-01 3.7197E-01 4.1391E-01 4.2039E-01 4.5798E-01 4.8080E-01 5.1486E-01 5.6543E-01 6.1277E-01 6.4377E-01 6.5148E-01 6.4745E-01 6.5878E-01 6.8426E-01 7.5328E-01 7.4274E-01 7.7615E-01 8.0363E-01 8.4418E-01 8.5914E-01 8.8874E-01 9.9393E-01 9.3750E-01 9.5381E-01 9.6246E-01 8.7961E-01 9.7087E-01 9.8437E-01 9.6311E-01 9.6141E-01 9.0855E-01 8.2285E-01 8.5858E-01 8.8495E-01
5.4804E-02 7.1828E-02 8.2098E-02 9.1368E-02 9.9176E-02 1.0910E-01 1.1698E-01 1.3263E-01 1.4812E-01 1.5950E-01 1.7205E-01 1.9085E-01 2.0358E-01 2.0704E-01 2.1863E-01 2.3950E-01 2.4794E-01 2.5494E-01 2.7149E-01 2.8766E-01 2.8697E-01 3.1010E-01 3.1951E-01 3.4893E-01 3.7526E-01 4.0340E-01 4.1802E-01 4.3998E-01 4.7191E-01 5.0984E-01 5.6717E-01 6.3246E-01 6.1901E-01 6.1495E-01 6.2185E-01 6.3498E-01 7.0649E-01 6.9187E-01 7.4312E-01 7.4838E-01 7.3148E-01 7.7974E-01 7.9553E-01 8.4670E-01 8.7354E-01 8.8010E-01 8.7641E-01 8.1753E-01 8.6258E-01 8.7979E-01 8.7897E-01 9.0041E-01 8.5120E-01 7.9519E-01 7.5278E-01 7.3125E-01 7.4678E-01
5.6484E-02 7.2427E-02 8.7527E-02 1.0593E-01 1.1403E-01 1.2751E-01 1.4396E-01 1.4798E-01 1.6538E-01 1.7559E-01 1.7974E-01 1.8905E-01 2.0413E-01 2.1936E-01 2.3423E-01 2.3286E-01 2.4577E-01 2.6150E-01 2.6079E-01 2.7043E-01 2.9255E-01 3.1707E-01 3.5032E-01 3.6129E-01 3.7495E-01 4.0862E-01 4.2279E-01 4.6911E-01 4.9389E-01 5.6192E-01 5.9437E-01 5.7536E-01 5.8122E-01 5.8607E-01 6.1395E-01 6.7376E-01 6.6000E-01 6.8892E-01 6.8778E-01 6.5329E-01 6.9574E-01 7.2117E-01 7.3251E-01 8.0853E-01 7.6194E-01 8.4194E-01 8.0351E-01 7.6731E-01 7.5743E-01 8.2779E-01 8.3042E-01 8.2767E-01 7.8545E-01 7.1342E-01 6.7422E-01 6.8409E-01 6.3891E-01
6.6747E-02 8.5850E-02 1.0331E-01 1.2043E-01 1.3267E-01 1.4572E-01 1.5606E-01 1.6476E-01 1.7160E-01 1.7704E-01 1.8889E-01 2.0512E-01 2.1314E-01 2.1307E-01 2.2259E-01 2.3807E-01 2.3875E-01 2.4128E-01 2.7051E-01 2.8551E-01 3.1707E-01 3.2649E-01 3.5445E-01 3.6121E-01 3.7161E-01 3.9931E-01 4.4292E-01 4.8323E-01 5.4125E-01 5.5085E-01 5.2292E-01 5.4565E-01 5.6288E-01 5.8947E-01 6.4045E-01 6.4413E-01 6.5511E-01 6.3961E-01 6.1791E-01 6.4189E-01 6.8222E-01 6.6204E-01 7.1383E-01 7.2709E-01 7.3641E-01 7.5144E-01 6.9649E-01 7.0291E-01 7.2636E-01 7.7106E-01 7.5450E-01 7.5245E-01 7.5640E-01 6.6118E-01 6.4980E-01 6.2682E-01 6.1306E-01
7.3357E-02 9.5390E-02 1.1829E-01 1.3335E-01 1.4465E-01 1.5153E-01 1.6159E-01 1.6713E-01 1.7657E-01 1.8882E-01 1.8937E-01 1.9606E-01 2.0408E-01 2.0066E-01 2.2431E-01 2.2514E-01 2.4148E-01 2.5796E-01 2.8641E-01 2.9835E-01 3.2241E-01 3.1543E-01 3.3921E-01 3.6709E-01 4.0746E-01 4.3291E-01 4.9252E-01 5.0171E-01 5.2717E-01 5.0717E-01 4.9273E-01 5.1882E-01 5.6126E-01 6.2388E-01 6.1729E-01 6.0798E-01 6.0950E-01 6.0058E-01 6.3028E-01 6.3043E-01 6.1561E-01 6.3659E-01 6.9556E-01 6.8692E-01 7.4263E-01 6.7303E-01 6.4543E-01 6.4832E-01 6.7043E-01 7.1901E-01 6.9183E-01 6.9736E-01 7.2641E-01 5.9580E-01 6.2749E-01 5.8823E-01 5.2321E-01
8.0644E-02 1.0225E-01 1.2028E-01 1.3628E-01 1.4712E-01 1.5983E-01 1.6984E-01 1.8068E-01 1.8126E-01 1.8443E-01 1.8940E-01 1.9191E-01 1.9943E-01 2.1062E-01 2.2034E-01 2.3513E-01 2.5486E-01 2.7466E-01 2.8661E-01 2.9578E-01 3.0748E-01 3.2368E-01 3.6199E-01 3.9356E-01 4.1677E-01 4.5557E-01 4.9017E-01 4.7987E-01 4.8205E-01 4.5436E-01 4.9103E-01 5.3775E-01 5.7764E-01 5.8463E-01 5.7847E-01 5.8698E-01 5.8102E-01 5.6224E-01 5.8697E-01 6.1818E-01 5.8809E-01 6.3751E-01 6.1265E-01 6.7341E-01 6.6211E-01 5.9580E-01 6.1392E-01 6.2098E-01 6.1439E-01 6.5419E-01 6.6237E-01 6.6487E-01 6.8788E-01 5.8420E-01 5.9522E-01 5.6738E-01 4.8707E-01
8.4693E-02 1.0440E-01 1.2541E-01 1.4631E-01 1.5341E-01 1.6133E-01 1.6825E-01 1.7472E-01 1.7640E-01 1.7291E-01 1.7819E-01 1.9319E-01 1.9991E-01 2.1656E-01 2.3923E-01 2.5321E-01 2.6176E-01 2.7741E-01 2.8394E-01 2.9467E-01 3.0800E-01 3.5908E-01 3.6801E-01 4.1713E-01 4.4591E-01 4.6705E-01 4.4561E-01 4.6453E-01 4.1903E-01 4.6834E-01 5.0575E-01 5.3693E-01 5.4857E-01 5.5596E-01 5.5024E-01 5.4384E-01 5.0898E-01 5.4335E-01 5.6600E-01 5.4333E-01 5.6681E-01 5.7259E-01 6.1597E-01 6.5304E-01 5.9514E-01 5.5324E-01 5.9821E-01 5.8477E-01 5.7689E-01 6.0057E-01 6.1615E-01 6.4957E-01 6.3151E-01 5.6978E-01 5.6644E-01 5.5489E-01 4.8722E-01
8.8868E-02 1.1465E-01 1.3142E-01 1.4452E-01 1.5029E-01 1.5480E-01 1.6031E-01 1.6002E-01 1.6819E-01 1.7278E-01 1.8198E-01 2.0390E-01 2.2251E-01 2.3478E-01 2.3823E-01 2.5816E-01 2.5931E-01 2.7524E-01 2.7980E-01 3.0346E-01 3.3888E-01 3.5628E-01 4.0713E-01 4.2074E-01 4.3195E-01 4.3546E-01 4.3354E-01 3.9797E-01 4.4609E-01 4.6834E-01 5.0477E-01 5.1035E-01 5.2727E-01 5.4339E-01 5.3094E-01 4.9567E-01 5.0178E-01 4.9977E-01 5.3542E-01 5.3617E-01 5.5203E-01 5.4302E-01 5.9180E-01 5.9388E-01 5.4549E-01 5.1271E-01 5.3452E-01 5.4572E-01 5.2130E-01 5.5686E-01 6.1390E-01 6.1636E-01 5.9378E-01 5.4270E-01 5.1863E-01 5.1608E-01 4.8208E-01
8.7372E-02 1.1026E-01 1.2542E-01 1.3468E-01 1.4491E-01 1.4253E-01 1.4767E-01 1.5648E-01 1.7018E-01 1.8236E-01 2.0189E-01 2.1945E-01 2.2468E-01 2.2516E-01 2.4223E-01 2.5599E-01 2.5905E-01 2.7208E-01 3.0401E-01 3.1326E-01 3.6287E-01 3.7723E-01 4.0391E-01 4.0992E-01 4.0064E-01 3.9345E-01 3.7359E-01 4.2227E-01 4.4041E-01 4.6844E-01 4.6894E-01 5.0046E-01 5.0781E-01 5.0372E-01 4.6874E-01 4.8072E-01 4.8473E-01 5.2321E-01 4.9904E-01 5.0821E-01 5.0883E-01 5.6705E-01 5.7828E-01 5.6434E-01 5.0182E-01 5.0735E-01 5.0653E-01 5.3327E-01 5.0555E-01 5.1543E-01 5.7955E-01 5.8162E-01 5.6314E-01 5.2368E-01 4.8669E-01 4.8514E-01 4.4569E-01
7.9435E-02 1.0273E-01 1.1769E-01 1.2737E-01 1.3271E-01 1.4153E-01 1.4860E-01 1.6766E-01 1.8808E-01 2.0613E-01 2.0701E-01 2.0757E-01 2.1529E-01 2.2871E-01 2.3363E-01 2.4820E-01 2.7192E-01 2.8219E-01 3.1588E-01 3.5665E-01 3.7197E-01 3.8303E-01 3.9258E-01 3.8688E-01 3.7564E-01 3.6676E-01 3.9764E-01 4.1829E-01 4.3623E-01 4.4924E-01 4.7598E-01 4.7844E-01 4.7883E-01 4.6897E-01 4.3339E-01 4.6410E-01 4.8631E-01 4.7012E-01 4.8599E-01 4.8025E-01 4.8814E-01 5.1796E-01 5.4680E-01 5.0949E-01 4.7633E-01 4.7077E-01 4.7949E-01 4.7832E-01 4.7666E-01 4.7999E-01 5.3706E-01 5.5533E-01 5.1865E-01 4.8614E-01 4.4021E-01 4.6391E-01 4.2479E-01
